1,9440,16,51,22
2,11023,3,31,8
3,11252,9,60,19
4,5823,12,42,25
5,6700,10,67,56
6,6214,14,105,54
7,9958,10,63,57
8,12921,17,80,24
9,7999,10,77,20
10,10480,15,64,16
11,13769,18,25,0
12,6708,19,38,2
13,6773,19,39,35
14,9729,12,95,6
15,10698,9,63,57
16,9893,12,84,42
17,7388,3,97,15
18,6878,1,91,39
19,11588,11,44,9
20,10272,0,35,4
21,5950,9,62,40
22,9292,17,48,1
23,9046,17,98,80
24,13530,16,100,51
25,7210,19,101,19
26,8639,0,26,12
27,13786,4,101,92
28,5991,3,15,8
29,5371,12,44,5
30,10428,19,76,66
31,5615,0,13,9
32,11115,4,61,4
33,10541,14,106,53
34,6374,8,24,11
35,10399,5,60,12
36,14445,17,17,7
37,5886,16,109,63
38,13155,7,91,50
39,14904,4,60,38
40,12734,1,61,20
41,9834,16,27,18
42,7111,14,14,6
43,6070,18,108,92
44,11926,9,70,50
45,5774,17,40,36
46,10406,3,66,5
47,9494,10,47,35
48,7862,17,46,27
49,10005,9,90,8
50,11542,17,66,61
51,10116,11,10,6
52,5414,0,72,37
53,6541,11,107,34
54,8746,2,68,10
55,5084,2,38,8
56,12424,19,28,22
57,10657,13,49,33
58,14487,10,87,34
59,6588,15,46,32
60,9873,5,29,25
61,11487,2,32,18
62,14977,5,93,73
63,14559,16,56,43
64,7190,13,53,44
65,9139,8,37,11
66,9454,19,13,5
67,6035,12,20,1
68,10507,8,109,62
69,12361,17,80,36
70,6689,7,21,0
71,5731,4,74,39
72,11109,15,71,52
73,8142,1,13,9
74,10751,3,109,82
75,9148,0,100,2
76,6264,2,50,0
77,9711,10,78,8
78,13404,17,13,8
79,8107,18,40,15
80,7865,13,22,17
81,10487,18,63,33
82,8062,12,102,15
83,12108,9,65,28
84,12076,10,50,10
85,10388,11,80,3
86,8024,18,92,68
87,14156,6,42,2
88,5478,4,76,3
89,11282,17,25,13
90,10335,18,80,28
91,10166,5,12,1
92,9643,17,36,13
93,5100,17,92,25
94,9687,2,54,3
95,7833,4,56,27
96,13728,3,71,61
97,7137,7,76,26
98,6598,9,64,33
99,11167,9,49,8
100,8585,14,33,0
101,13117,17,55,43
102,7871,2,68,32
103,13142,15,37,33
104,8267,11,74,43
105,11003,16,60,39
106,12567,6,44,35
107,13531,1,44,4
108,14507,1,59,54
109,7960,5,25,20
110,6146,5,61,35
111,8888,17,50,29
112,14316,19,101,24
113,9586,5,49,44
114,5942,13,66,22
115,5244,13,72,6
116,10131,19,52,10
117,10259,2,73,33
118,12582,0,37,21
119,12643,0,79,40
120,5285,0,13,10
121,7082,4,106,93
122,11143,8,46,16
123,14489,17,19,0
124,14166,19,64,7
125,14290,0,89,31
126,7918,10,73,67
127,9146,2,36,26
128,6395,5,65,58
129,8104,13,49,8
130,8142,14,98,71
131,8564,5,75,37
132,7833,6,45,9
133,7080,19,71,19
134,12398,19,67,47
135,6850,13,36,13
136,7811,2,81,39
137,6784,10,44,2
138,7216,12,56,20
139,5393,12,96,89
140,9118,19,101,28
141,14042,18,60,28
142,14713,8,45,4
143,13614,14,100,46
144,11823,16,41,32
145,7781,14,99,17
146,11311,12,39,29
147,11446,4,84,81
148,6586,15,71,55
149,8924,15,43,27
150,10549,0,87,25
151,6771,17,44,19
152,13204,2,38,35
153,6299,5,12,5
154,5280,6,16,6
155,11412,19,57,21
156,14434,1,107,46
157,5696,5,38,4
158,11605,15,43,3
159,7877,6,104,12
160,10903,17,35,21
161,13527,10,37,30
162,13672,4,61,30
163,5121,11,37,9
164,5336,17,54,40
165,14893,3,67,2
166,8557,14,35,13
167,11831,5,56,40
168,14666,0,68,31
169,11213,3,27,9
170,10793,17,76,63
171,8097,18,49,3
172,10898,8,19,3
173,5397,11,11,0
174,5441,5,42,15
175,8797,13,19,16
176,10307,11,78,37
177,11536,18,38,2
178,13928,2,33,8
179,8407,9,36,29
180,7186,17,38,0
181,7980,15,34,17
182,13509,11,17,4
183,10620,4,94,45
184,5428,7,44,1
185,14357,0,106,12
186,14234,13,26,11
187,9864,12,41,18
188,10574,16,80,73
189,7943,4,99,81
190,11916,16,46,2
191,8023,17,93,43
192,10019,3,98,87
193,13407,9,46,11
194,14433,6,85,63
195,13399,11,19,15
196,5016,6,20,14
197,7738,18,76,22
198,12476,5,79,73
199,5267,19,64,51
200,6691,8,41,26
201,9859,1,16,1
202,7843,19,53,14
203,13849,10,87,35
204,11526,2,14,10
205,9512,5,95,80
206,13816,9,68,41
207,10868,16,78,57
208,5783,1,43,14
209,11188,16,90,8
210,8786,15,99,95
211,10321,9,77,13
212,8955,13,70,55
213,12229,1,81,57
214,7972,12,99,74
215,6717,6,40,0
216,8229,14,34,27
217,12823,14,24,9
218,7860,3,89,30
219,7508,16,77,15
220,13450,10,29,3
221,7766,14,69,13
222,14501,11,66,56
223,13395,10,54,22
224,12464,4,85,19
225,10623,19,24,9
226,6827,5,45,27
227,12341,15,46,23
228,11929,18,37,24
229,7119,4,101,24
230,11485,17,20,17
231,10921,16,52,19
232,9915,2,89,18
233,5201,7,28,25
234,14845,9,11,2
235,5241,5,61,28
236,13275,16,101,59
237,13699,10,103,95
238,8785,19,101,71
239,11363,12,38,4
240,10076,17,69,49
241,10721,9,74,1
242,11357,6,45,32
243,14004,12,14,10
244,13556,16,50,16
245,14855,18,88,5
246,12517,16,22,4
247,14999,18,91,45
248,10502,12,33,3
249,13650,11,72,65
250,12334,16,97,55
251,5929,18,21,16
252,12616,15,102,88
253,7086,6,12,2
254,10141,0,106,98
255,12790,18,36,26
256,13565,15,25,1
257,12472,19,58,41
258,10358,0,34,30
259,6108,8,21,11
260,6570,0,92,37
261,9229,0,23,2
262,11245,8,41,30
263,8903,8,25,17
264,8261,3,14,4
265,11816,7,50,42
266,8984,17,64,21
267,8674,2,84,78
268,11552,19,76,48
269,13927,14,44,2
270,9754,16,52,43
271,9531,19,26,13
272,12418,19,63,37
273,13894,17,94,17
274,5544,11,52,48
275,5023,4,52,21
276,8893,9,31,22
277,11793,17,76,3
278,8438,2,54,0
279,14345,13,82,22
280,12535,12,104,1
281,7189,2,107,98
282,8105,15,93,85
283,13110,18,106,2
284,11557,14,16,3
285,8190,9,47,6
286,14598,16,51,8
287,8963,0,83,40
288,6858,17,98,53
289,5977,2,61,19
290,7345,8,75,1
291,8443,4,109,43
292,10124,5,71,65
293,12835,14,73,54
294,10879,6,19,9
295,5453,17,39,31
296,7022,3,84,44
297,10744,13,12,2
298,5283,3,87,31
299,5076,6,71,28
300,6502,2,32,12
301,10131,0,77,9
302,10083,7,59,15
303,11980,5,34,4
304,14695,5,18,4
305,12259,15,23,8
306,7987,15,83,68
307,7474,8,30,27
308,5303,13,52,9
309,5971,3,17,9
310,13111,7,102,13
311,8707,18,26,6
312,6793,7,12,9
313,11024,16,83,57
314,5141,9,34,12
315,5099,5,87,65
316,8355,19,58,28
317,14455,19,99,78
318,13728,3,84,18
319,5559,9,69,62
320,5689,10,47,22
321,12131,3,64,33
322,6413,4,25,0
323,10563,19,34,1
324,12414,0,30,22
325,10002,7,84,18
326,10096,14,77,20
327,8124,6,93,23
328,5289,9,98,39
329,11967,14,86,8
330,12671,16,74,69
331,7789,12,74,7
332,6364,15,77,44
333,9512,5,11,3
334,13149,1,22,18
335,5285,17,56,26
336,8462,0,25,22
337,13049,11,96,86
338,8719,10,51,24
339,13758,10,13,6
340,10673,16,106,92
341,8974,3,22,8
342,7129,2,30,21
343,11478,14,42,1
344,7628,4,36,33
345,6101,0,36,17
346,13585,5,99,17
347,10250,19,77,28
348,13634,7,13,1
349,5528,7,79,18
350,14266,16,45,40
351,6084,8,37,1
352,11159,12,52,11
353,12965,19,108,21
354,14905,6,103,30
355,9171,12,59,53
356,6209,9,14,0
357,5865,15,19,12
358,8915,17,48,15
359,10147,13,63,7
360,5779,1,56,43
361,13248,13,21,5
362,6523,3,97,54
363,6944,9,78,29
364,6371,6,86,49
365,9142,4,34,31
366,13943,5,54,42
367,7526,15,21,9
368,7477,14,41,26
369,12600,6,50,7
370,14651,7,80,63
371,14355,18,76,6
372,14876,9,96,31
373,13522,2,79,71
374,6716,12,27,24
375,10674,0,99,56
376,9231,4,33,18
377,10145,6,25,18
378,8061,16,64,15
379,9936,3,39,9
380,6753,6,68,42
381,5346,13,75,54
382,7189,11,48,6
383,8138,14,45,36
384,12790,10,86,50
385,12272,1,20,17
386,8726,14,46,29
387,11644,16,84,26
388,12468,14,59,36
389,7465,13,67,24
390,12901,14,99,18
391,5619,2,98,69
392,9151,4,67,55
393,11785,3,80,27
394,6616,1,85,53
395,11931,0,83,47
396,13994,8,72,61
397,6556,10,104,90
398,5266,15,50,4
399,10768,12,43,8
400,8364,15,45,31
401,9775,4,109,27
402,5640,2,21,2
403,6656,1,52,41
404,14888,8,11,0
405,8654,7,53,24
406,9919,13,13,5
407,12358,0,56,0
408,8178,2,58,27
409,11094,15,70,47
410,10218,13,10,1
411,8335,17,70,7
412,10928,3,32,16
413,10020,2,41,17
414,5664,9,98,87
415,10488,14,41,16
416,14710,6,28,0
417,13491,10,17,5
418,10291,5,73,8
419,9454,10,78,9
420,8296,8,12,4
421,10817,9,35,14
422,8424,13,35,15
423,7515,10,102,54
424,11002,10,67,56
425,8458,11,40,15
426,10485,14,73,9
427,11182,14,44,15
428,8658,0,58,46
429,11418,10,44,0
430,7437,1,99,47
431,5427,8,98,11
432,12212,18,109,48
433,12094,16,76,53
434,13382,4,18,5
435,6629,6,108,53
436,12868,2,26,14
437,5043,3,12,4
438,13618,16,107,17
439,6771,16,50,8
440,10438,11,68,57
441,12276,7,40,17
442,13032,4,85,19
443,11255,14,45,20
444,7664,7,48,31
445,9503,17,38,27
446,6651,6,49,29
447,10143,1,18,8
448,11718,8,87,64
449,6783,5,86,40
450,14592,14,101,11
451,11591,14,25,21
452,13948,14,97,22
453,7986,8,28,3
454,13308,15,19,5
455,5580,13,26,10
456,14423,10,79,49
457,8548,2,64,51
458,10563,1,74,39
459,5594,2,18,10
460,11579,15,72,67
461,13409,16,72,65
462,13545,0,105,14
463,6398,2,73,43
464,5228,4,66,34
465,5510,14,19,10
466,8419,13,68,58
467,9411,10,97,77
468,10336,19,78,9
469,5584,1,71,30
470,12422,17,41,13
471,11752,13,84,28
472,12971,6,94,37
473,10426,13,99,54
474,11462,11,68,26
475,10503,2,105,3
476,6465,9,57,44
477,11826,3,68,27
478,8855,9,25,19
479,13886,6,39,27
480,9127,17,55,3
481,9747,3,27,2
482,9983,14,13,6
483,7050,17,104,23
484,5377,1,79,15
485,7675,6,93,26
486,11136,12,80,74
487,7046,13,58,7
488,10643,4,83,52
489,11510,11,53,41
490,9297,18,43,26
491,10063,17,40,13
492,12771,0,35,19
493,13889,18,100,23
494,11045,11,86,43
495,8241,6,49,37
496,11285,4,64,25
497,14183,15,67,0
498,13634,4,35,19
499,7322,16,42,18
500,12605,18,74,6
501,7061,18,82,30
502,9323,13,24,5
503,5221,17,15,4
504,11680,0,53,15
505,13577,14,82,44
506,11348,7,39,8
507,9072,0,45,27
508,12786,17,63,4
509,7470,8,71,33
510,11620,6,29,14
511,6294,2,41,22
512,6120,4,27,13
513,8960,11,90,78
514,10589,16,10,7
515,8244,11,87,56
516,5830,7,74,49
517,10541,18,59,53
518,13797,15,33,7
519,9111,5,15,6
520,14289,1,24,8
521,10753,15,82,60
522,6288,2,37,16
523,12443,14,70,33
524,5357,16,51,39
525,6489,5,65,7
526,12418,11,105,89
527,9549,14,93,31
528,8926,6,82,10
529,12960,6,39,25
530,13009,10,70,13
531,5993,5,23,1
532,12139,15,107,81
533,8035,5,22,6
534,10944,7,108,18
535,5899,8,98,93
536,6661,16,13,6
537,5424,13,97,49
538,6420,2,91,13
539,8209,16,106,99
540,6932,8,97,21
541,5490,2,54,37
542,7345,14,106,55
543,14918,5,56,38
544,14649,6,63,27
545,13397,14,16,7
546,12508,17,43,31
547,6200,15,75,7
548,9211,16,17,12
549,8968,4,73,46
550,12138,9,43,38
551,6018,11,73,31
552,14030,17,30,2
553,8821,14,36,12
554,5295,0,83,47
555,10497,14,89,4
556,8102,14,87,0
557,6073,11,22,8
558,11360,15,72,0
559,5426,7,98,10
560,13912,0,101,48
561,8097,8,44,24
562,5120,2,17,7
563,6849,5,18,4
564,12857,3,68,30
565,10506,3,83,30
566,11845,12,44,12
567,11194,17,70,9
568,12859,19,100,65
569,7808,10,105,67
570,8131,0,88,57
571,6251,15,56,20
572,7414,2,75,47
573,9646,12,42,24
574,5919,17,59,44
575,10063,13,15,4
576,6443,15,52,13
577,7859,19,71,20
578,7164,0,56,31
579,9508,2,83,54
580,5330,15,20,6
581,7658,10,43,15
582,13920,5,37,4
583,7877,7,63,11
584,11485,15,24,15
585,9057,6,102,10
586,8543,17,42,1
587,7199,16,69,24
588,12433,3,36,13
589,12978,4,80,3
590,12494,4,15,7
591,13615,3,15,6
592,5283,15,64,43
593,8795,13,10,1
594,6496,8,33,10
595,13233,15,40,35
596,9975,9,62,45
597,7801,7,12,0
598,8827,15,60,10
599,12513,1,42,31
600,8018,8,73,28
601,13192,10,18,11
602,14435,8,85,50
603,9341,17,89,65
604,10792,18,26,6
605,11828,16,54,6
606,9837,14,20,0
607,9152,13,34,13
608,6494,1,29,7
609,6394,19,47,24
610,7500,14,71,38
611,13976,11,32,24
612,11496,13,48,42
613,12598,17,27,22
614,11766,15,12,2
615,7744,14,61,7
616,11867,11,86,63
617,9845,6,109,39
618,11967,9,65,11
619,14981,1,29,21
620,7676,2,73,62
621,11027,3,98,75
622,12972,5,43,20
623,7924,10,100,36
624,8846,1,36,7
625,5214,8,28,16
626,6864,13,49,2
627,8425,11,32,10
628,8774,2,20,5
629,11649,2,93,18
630,13474,9,61,57
631,9505,3,87,2
632,5225,8,81,15
633,12680,5,27,16
634,13268,7,43,40
635,13912,17,108,66
636,5035,17,41,27
637,10881,10,54,26
638,14043,1,103,26
639,7322,2,94,9
640,14529,3,35,4
641,7480,1,35,14
642,11341,6,33,6
643,5237,3,46,4
644,14128,9,69,1
645,12586,7,62,18
646,8413,4,63,8
647,7748,12,72,10
648,8299,14,77,8
649,6274,8,12,7
650,13168,11,21,16
651,10100,16,70,21
652,9015,16,70,45
653,5421,5,65,14
654,11371,11,55,6
655,14354,3,106,35
656,10537,18,76,60
657,10009,5,42,11
658,7105,17,90,57
659,6234,10,99,6
660,14437,2,19,15
661,12897,3,47,11
662,12808,1,51,1
663,8073,0,28,4
664,8976,14,31,7
665,10257,6,49,26
666,10501,8,37,4
667,10107,3,67,20
668,13823,6,49,26
669,13336,11,31,10
670,13882,15,73,2
671,12732,15,42,17
672,5797,15,86,31
673,13808,1,76,45
674,6638,9,44,37
675,6634,17,72,25
676,13047,4,78,20
677,13606,0,71,42
678,7364,0,83,70
679,11568,4,72,65
680,7994,16,89,59
681,8023,8,36,6
682,13009,19,53,10
683,9708,10,107,66
684,5443,17,25,19
685,14400,13,93,53
686,11994,8,108,23
687,10873,18,57,36
688,8021,13,41,31
689,12700,9,89,5
690,7203,3,28,15
691,12660,3,51,11
692,6357,16,38,19
693,12105,15,61,28
694,6304,16,97,79
695,8266,15,78,22
696,5016,15,44,7
697,14451,6,67,24
698,12358,16,27,22
699,6966,12,106,52
700,6387,13,69,49
701,9526,6,97,5
702,8458,8,56,5
703,8103,2,75,1
704,8073,13,77,22
705,12991,17,45,38
706,6720,14,56,8
707,9944,5,90,84
708,12143,5,55,26
709,13067,7,83,74
710,5436,2,87,67
711,11509,18,48,26
712,11979,16,69,63
713,13733,19,16,6
714,12627,10,86,54
715,6091,2,16,5
716,6767,7,103,33
717,10779,8,109,35
718,9178,4,34,2
719,7192,8,104,96
720,5937,7,14,10
721,11208,4,28,18
722,10549,11,54,40
723,8374,19,92,9
724,6086,16,77,0
725,8506,18,88,34
726,13016,6,39,30
727,5939,9,32,23
728,7345,18,35,8
729,6221,12,109,45
730,9848,18,66,21
731,10443,16,98,55
732,9927,19,38,6
733,5133,12,63,51
734,13178,7,68,42
735,11434,7,77,49
736,5966,10,60,12
737,13704,14,95,33
738,7298,6,100,42
739,10558,4,89,6
740,9208,5,37,32
741,11464,4,89,83
742,8820,19,24,12
743,14626,15,32,16
744,7627,10,78,70
745,9835,16,29,5
746,9621,3,56,11
747,7396,1,22,6
748,10748,17,70,30
749,5374,1,41,36
750,8890,10,99,37
751,13599,5,100,65
752,9262,15,55,12
753,9869,9,48,41
754,6487,10,40,37
755,7552,1,105,18
756,5287,11,70,28
757,7892,10,24,18
758,14000,2,58,2
759,7940,13,99,66
760,13466,0,106,6
761,13328,0,104,36
762,11179,3,18,14
763,14935,14,26,21
764,6748,0,59,13
765,13789,17,94,35
766,11355,4,104,77
767,14838,19,10,3
768,6163,13,48,24
769,14504,15,85,52
770,8068,0,97,2
771,5501,14,109,62
772,8353,19,71,17
773,14862,12,14,9
774,9277,14,81,64
775,12504,18,101,1
776,9325,7,63,46
777,7626,12,42,14
778,7768,19,61,8
779,8341,6,33,10
780,5513,13,94,88
781,10426,16,54,35
782,13979,3,18,13
783,6271,4,100,74
784,6795,9,70,9
785,14618,4,37,20
786,10026,12,107,4
787,5891,18,47,35
788,13688,1,94,28
789,13334,18,104,60
790,11209,16,38,33
791,11886,19,103,59
792,5043,12,77,61
793,12811,3,100,90
794,10654,14,74,60
795,11308,10,35,9
796,6674,19,85,48
797,14021,12,33,5
798,7564,8,25,14
799,7962,17,105,55
800,5384,15,32,7
801,7266,1,84,53
802,14312,5,66,44
803,11316,14,33,30
804,9851,16,38,5
805,10076,19,29,16
806,5734,3,67,53
807,7383,12,103,54
808,13710,3,104,15
809,9394,2,92,59
810,9563,18,32,18
811,8110,2,88,25
812,14807,15,66,13
813,12079,7,99,66
814,13884,18,69,0
815,6919,18,97,76
816,9929,19,76,28
817,9119,18,30,13
818,11677,16,83,17
819,11199,2,37,17
820,7034,0,100,70
821,14017,11,40,10
822,5443,17,78,51
823,9585,1,102,47
824,10445,19,45,6
825,7119,17,24,3
826,13921,19,59,5
827,7482,17,64,51
828,9592,12,12,1
829,13622,5,105,97
830,6541,14,62,55
831,11415,14,48,36
832,14686,8,97,12
833,14243,2,95,47
834,12139,4,96,74
835,8436,1,69,14
836,14437,7,58,37
837,6339,0,59,52
838,14000,4,105,66
839,8285,5,105,5
840,6689,13,102,20
841,13602,3,35,11
842,7823,15,95,36
843,11072,4,84,73
844,13237,0,62,34
845,13804,11,89,40
846,11774,12,64,3
847,9048,10,54,29
848,13432,18,67,46
849,9133,11,55,10
850,13521,2,14,4
851,9651,11,88,39
852,8684,11,101,38
853,5956,4,61,54
854,7949,12,62,15
855,9516,8,103,0
856,14456,0,93,86
857,14827,17,104,58
858,7685,0,48,22
859,7392,15,34,14
860,13407,17,58,5
861,5775,9,37,28
862,14783,7,27,5
863,5596,17,19,11
864,14709,6,83,62
865,9614,10,11,8
866,11855,6,106,80
867,7308,2,102,98
868,10320,17,66,55
869,6834,7,55,39
870,12954,14,16,11
871,5389,4,75,9
872,9619,17,73,11
873,13850,10,73,32
874,5395,14,82,43
875,10203,13,76,37
876,7876,15,56,5
877,6177,2,99,68
878,6961,12,100,23
879,8546,0,55,39
880,14215,16,19,1
881,14052,1,109,29
882,5398,15,47,23
883,5439,4,107,81
884,14863,16,60,52
885,7183,2,51,25
886,14727,10,67,45
887,13904,15,79,40
888,10819,16,14,10
889,12175,12,21,18
890,9546,6,89,28
891,8879,11,40,15
892,5638,11,74,59
893,8833,11,21,1
894,14850,19,86,55
895,7770,7,87,45
896,9980,4,49,28
897,11136,8,35,5
898,6852,6,57,35
899,13581,9,67,24
900,9371,9,14,8
901,5770,9,58,25
902,8853,7,63,48
903,10613,5,78,38
904,12679,12,20,7
905,8523,4,109,78
906,5000,16,54,16
907,8621,12,108,0
908,14323,1,33,26
909,12063,0,98,33
910,7443,19,32,16
911,5348,1,34,21
912,7526,1,67,60
913,11267,19,103,71
914,5563,7,68,25
915,9732,3,75,26
916,8019,19,86,4
917,14819,4,85,39
918,8130,18,33,25
919,13900,15,69,19
920,6542,18,15,7
921,13788,9,87,59
922,5007,15,55,28
923,14406,17,39,32
924,6781,16,98,27
925,5147,16,30,27
926,9669,9,64,35
927,10896,15,87,4
928,6868,8,39,35
929,14396,1,83,15
930,11561,9,72,5
931,9766,0,101,72
932,6839,15,91,61
933,14506,10,103,87
934,13280,3,87,83
935,6581,17,14,7
936,10106,10,95,23
937,10692,5,16,4
938,12590,4,54,40
939,7609,18,13,5
940,7491,13,63,3
941,11925,12,94,13
942,14215,0,41,0
943,11326,13,16,10
944,14902,8,108,76
945,5002,15,106,26
946,9584,9,33,22
947,5858,8,91,56
948,12071,13,65,26
949,8496,7,75,24
950,14814,9,71,17
951,13952,2,62,57
952,7146,3,85,68
953,8802,4,45,29
954,5428,7,66,49
955,13542,2,91,78
956,6501,16,34,22
957,9086,4,76,50
958,11433,17,67,32
959,7999,6,72,21
960,5180,10,50,30
961,10815,4,21,3
962,13055,10,96,83
963,13128,16,76,70
964,11187,17,37,17
965,10387,17,99,64
966,13804,5,99,58
967,10862,11,54,47
968,8159,10,67,54
969,11414,15,49,31
970,9891,19,79,1
971,8141,14,87,20
972,7667,0,98,24
973,10772,3,17,2
974,10155,4,83,56
975,14657,19,15,6
976,8470,10,69,20
977,12442,9,26,21
978,6406,10,79,33
979,11784,16,108,35
980,7659,14,109,69
981,5541,14,102,3
982,13690,6,81,77
983,14285,8,49,14
984,13671,2,15,9
985,13344,14,96,76
986,13274,1,97,19
987,12734,6,94,4
988,11582,14,11,1
989,8569,18,30,7
990,8605,0,91,5
991,13702,19,98,5
992,9765,11,33,9
993,10140,6,46,21
994,11701,18,60,27
995,10050,3,39,33
996,7456,8,55,22
997,12053,10,21,9
998,10168,6,16,1
999,7631,12,74,40
1000,6707,16,36,28
1001,5041,1,62,5
1002,11418,17,88,76
1003,5257,5,89,70
1004,12116,1,101,77
1005,9820,0,62,16
1006,6095,2,68,64
1007,8653,19,63,41
1008,8903,14,79,0
1009,7155,14,102,14
1010,11836,17,38,12
1011,8135,10,25,21
1012,10096,1,77,29
1013,11698,14,62,57
1014,13878,2,12,5
1015,13379,16,35,11
1016,11572,16,98,46
1017,14903,19,51,37
1018,12769,6,48,9
1019,11439,0,79,8
1020,5639,2,88,60
1021,5789,14,81,16
1022,14817,14,83,8
1023,14950,3,56,2
1024,11166,6,25,14
1025,9264,6,88,53
1026,9116,13,97,35
1027,7573,13,98,55
1028,5213,11,77,36
1029,6382,14,102,28
1030,14004,17,53,1
1031,11913,4,63,11
1032,13544,5,89,30
1033,13459,17,59,7
1034,12416,5,26,18
1035,6894,14,28,21
1036,10326,13,53,5
1037,6268,8,75,61
1038,14308,19,19,12
1039,8833,2,47,37
1040,7016,13,65,52
1041,9812,6,42,17
1042,9203,10,45,36
1043,6078,15,27,13
1044,9077,2,42,33
1045,9961,10,94,69
1046,9955,9,84,78
1047,8689,11,11,0
1048,7729,12,109,44
1049,10214,14,10,4
1050,12440,9,57,0
1051,9192,12,40,19
1052,6256,9,30,3
1053,8745,1,60,52
1054,10470,10,68,63
1055,10782,13,18,0
1056,10871,16,46,37
1057,6606,17,87,20
1058,10707,13,102,52
1059,5056,5,70,28
1060,11098,7,80,63
1061,10161,9,73,37
1062,5026,6,55,14
1063,11243,18,37,17
1064,5982,5,22,19
1065,11407,19,37,20
1066,5064,3,24,7
1067,10012,6,51,9
1068,5607,11,65,34
1069,7540,18,48,35
1070,11865,18,82,2
1071,8109,16,60,31
1072,5370,18,31,25
1073,12429,12,67,30
1074,10011,14,60,24
1075,5341,11,17,0
1076,9467,18,95,9
1077,14935,16,86,83
1078,12608,17,92,2
1079,11832,16,66,17
1080,6639,15,61,1
1081,9630,4,106,95
1082,14831,7,109,68
1083,8089,15,85,28
1084,13754,3,68,22
1085,6558,2,87,55
1086,8796,0,45,14
1087,13871,18,29,20
1088,5617,1,22,13
1089,14579,6,34,1
1090,9034,13,51,29
1091,8420,0,11,8
1092,5833,2,96,35
1093,12556,14,39,10
1094,14383,2,53,20
1095,13558,10,99,89
1096,5156,3,52,38
1097,10707,0,15,2
1098,10879,12,75,14
1099,8609,4,78,20
1100,12106,16,101,88
1101,10245,6,54,1
1102,5887,12,45,13
1103,12098,12,29,3
1104,5277,9,75,12
1105,12735,16,96,62
1106,9186,17,80,23
1107,5749,4,64,43
1108,10066,4,25,18
1109,10734,16,47,21
1110,6590,9,28,18
1111,12951,8,95,11
1112,13774,16,13,9
1113,13246,4,43,10
1114,6343,19,54,45
1115,8916,9,11,4
1116,14677,11,11,4
1117,10059,6,107,23
1118,6642,13,70,22
1119,5832,13,36,28
1120,8988,8,104,50
1121,5730,14,74,33
1122,6355,14,18,13
1123,8160,9,56,14
1124,5815,16,72,55
1125,13951,17,90,19
1126,7214,5,28,4
1127,5210,13,14,9
1128,7627,19,83,66
1129,8287,7,74,56
1130,7864,19,42,34
1131,10672,17,50,22
1132,10044,8,34,29
1133,8063,1,28,22
1134,11493,4,105,20
1135,12416,7,11,8
1136,12991,7,82,25
1137,10298,3,82,47
1138,6683,14,52,22
1139,14294,9,83,55
1140,13449,9,63,1
1141,5342,11,105,58
1142,9613,7,93,35
1143,12254,18,71,5
1144,10829,0,50,26
1145,7030,2,80,18
1146,9648,10,72,25
1147,8214,13,109,1
1148,5152,18,63,31
1149,9808,9,32,12
1150,6889,9,53,39
1151,11466,11,40,36
1152,9367,5,66,56
1153,8856,8,70,30
1154,7979,3,72,68
1155,8181,4,17,2
1156,14726,0,96,10
1157,13963,15,18,1
1158,13292,6,23,20
1159,6149,10,105,18
1160,14274,18,62,35
1161,11364,13,57,54
1162,12912,9,26,15
1163,13479,16,63,13
1164,7328,17,64,2
1165,12465,19,27,19
1166,12460,3,17,5
1167,11990,12,77,41
1168,9427,0,14,4
1169,13597,5,109,11
1170,5428,1,85,59
1171,8559,8,86,15
1172,12976,1,14,2
1173,13094,4,99,89
1174,9356,7,107,95
1175,14383,19,53,18
1176,10028,2,79,48
1177,5304,15,33,8
1178,10825,7,86,32
1179,10769,15,40,32
1180,7084,19,30,14
1181,8575,9,21,6
1182,10992,3,35,16
1183,9476,12,68,28
1184,5187,1,36,29
1185,13384,9,67,54
1186,11172,9,67,51
1187,5571,2,11,8
1188,10534,11,53,37
1189,9327,0,22,3
1190,7692,14,67,22
1191,13354,14,44,10
1192,10010,8,106,78
1193,14513,17,93,70
1194,8010,18,74,71
1195,13382,14,56,28
1196,10196,14,74,32
1197,7899,15,94,49
1198,7411,0,30,3
1199,13892,15,55,37
1200,13639,15,103,41
1201,14264,1,76,11
1202,14685,7,19,2
1203,11904,9,59,11
1204,10744,7,109,9
1205,14454,4,105,59
1206,12363,18,29,23
1207,7239,18,106,39
1208,6668,15,61,28
1209,11457,19,51,38
1210,12723,10,24,5
1211,5733,0,79,29
1212,6920,10,47,22
1213,11109,9,83,20
1214,6935,3,42,21
1215,5895,2,81,42
1216,8287,11,103,90
1217,13599,0,16,0
1218,10398,15,83,49
1219,14024,11,53,38
1220,8982,16,43,26
1221,14620,11,39,17
1222,14267,4,27,6
1223,6951,17,84,53
1224,6322,12,102,95
1225,5799,8,49,25
1226,14531,17,99,78
1227,12750,18,98,3
1228,5768,16,61,25
1229,9806,2,70,59
1230,13179,12,36,2
1231,8411,1,19,0
1232,7947,13,32,25
1233,12396,11,31,18
1234,10839,0,33,26
1235,11482,9,107,77
1236,6481,15,77,55
1237,5791,2,92,11
1238,8347,7,63,45
1239,11768,19,109,74
1240,8829,6,107,19
1241,14083,1,62,10
1242,9261,8,35,8
1243,10993,0,103,90
1244,6436,16,32,29
1245,10277,11,53,15
1246,13535,6,106,30
1247,9266,8,99,51
1248,12811,4,27,0
1249,7616,18,18,14
1250,13384,3,103,32
1251,9975,10,100,71
1252,12359,4,37,34
1253,12033,4,32,27
1254,14427,8,80,6
1255,14588,2,53,7
1256,8283,2,82,42
1257,9254,13,62,22
1258,7550,10,41,34
1259,9871,1,36,1
1260,5405,18,32,27
1261,9801,7,63,40
1262,6404,10,81,38
1263,10939,14,70,58
1264,8720,13,34,30
1265,5385,8,23,19
1266,8865,19,63,24
1267,6125,15,93,90
1268,5497,10,105,46
1269,9153,3,48,40
1270,10844,7,38,0
1271,9026,8,24,11
1272,9918,12,58,38
1273,5806,13,105,56
1274,7975,13,107,81
1275,7414,18,87,38
1276,12449,5,53,19
1277,13180,19,96,53
1278,14744,0,30,5
1279,7718,7,49,16
1280,10457,15,58,16
1281,10664,2,12,4
1282,8259,9,72,52
1283,11421,0,80,31
1284,9336,10,51,28
1285,11151,8,90,84
1286,14268,11,73,29
1287,8378,5,42,13
1288,10740,15,83,46
1289,9244,5,75,8
1290,11081,10,82,5
1291,13191,18,74,38
1292,6306,10,31,26
1293,11805,3,56,25
1294,5132,3,48,9
1295,7283,9,42,19
1296,6085,0,16,7
1297,10398,3,80,50
1298,13116,4,18,6
1299,13416,4,74,49
1300,14755,8,54,43
1301,8395,6,76,52
1302,13405,1,50,7
1303,5364,14,55,4
1304,12031,8,89,1
1305,14001,9,33,11
1306,7026,12,19,13
1307,6851,6,28,16
1308,8415,0,91,24
1309,5532,14,75,16
1310,5841,0,95,28
1311,12386,2,43,36
1312,7478,17,103,11
1313,7706,13,62,41
1314,5966,6,13,7
1315,9597,8,92,66
1316,12922,19,54,49
1317,10485,3,52,25
1318,10637,5,39,16
1319,10208,19,43,6
1320,5326,15,61,17
1321,12012,12,89,78
1322,8740,12,13,6
1323,7449,18,73,7
1324,10408,16,43,17
1325,9114,13,25,5
1326,10422,14,51,31
1327,11555,18,71,59
1328,9179,1,71,16
1329,11452,9,104,58
1330,7032,0,42,2
1331,14060,3,49,19
1332,7293,16,67,15
1333,5310,12,28,22
1334,12958,2,94,13
1335,13151,7,19,5
1336,9441,7,77,32
1337,13277,6,85,70
1338,10446,6,72,53
1339,14633,9,50,1
1340,13325,2,53,42
1341,5893,15,10,6
1342,9499,6,28,25
1343,12599,11,34,5
1344,12644,18,32,6
1345,11315,2,106,8
1346,10106,5,91,61
1347,6852,15,84,57
1348,10172,2,37,0
1349,12788,12,59,8
1350,6383,9,109,71
1351,11519,16,89,65
1352,11112,1,103,62
1353,9092,4,35,12
1354,12640,5,40,27
1355,11683,16,25,1
1356,8686,9,16,9
1357,7823,10,103,99
1358,10640,0,106,89
1359,10540,6,100,96
1360,14098,0,42,32
1361,5538,14,10,3
1362,14740,3,21,8
1363,8824,1,31,23
1364,14647,10,93,10
1365,13049,0,101,69
1366,5056,18,18,13
1367,13250,7,47,9
1368,14660,12,13,5
1369,8897,6,37,27
1370,9738,6,85,12
1371,12983,11,31,13
1372,11419,6,44,16
1373,10982,11,10,5
1374,5621,7,17,5
1375,6596,14,37,6
1376,6131,17,97,61
1377,5110,6,77,48
1378,6646,19,73,1
1379,10085,0,53,27
1380,9327,0,21,9
1381,9291,8,30,11
1382,6545,12,80,15
1383,11190,18,48,9
1384,8099,5,97,1
1385,11684,16,82,21
1386,11340,1,103,72
1387,7125,1,57,32
1388,11813,8,73,21
1389,14716,1,93,66
1390,9418,16,102,73
1391,8878,17,58,8
1392,9144,6,82,20
1393,12400,9,104,56
1394,12656,8,62,6
1395,7500,2,54,2
1396,5746,15,95,81
1397,9548,3,19,8
1398,5475,19,95,57
1399,14797,1,24,20
1400,7335,12,18,8
1401,5613,1,38,15
1402,7238,13,26,19
1403,6206,7,54,17
1404,12027,16,19,12
1405,6272,14,55,36
1406,14703,14,76,59
1407,7657,4,81,45
1408,7474,18,95,38
1409,13520,0,109,10
1410,7410,15,104,97
1411,14158,19,79,9
1412,8578,16,26,3
1413,7723,18,18,7
1414,13476,17,27,21
1415,9910,0,99,9
1416,5982,16,40,21
1417,14893,10,53,31
1418,9561,19,47,9
1419,5216,16,10,5
1420,5404,6,71,15
1421,6226,10,80,21
1422,13605,15,54,16
1423,6136,2,104,69
1424,10896,11,74,43
1425,13367,14,90,7
1426,11085,8,43,11
1427,10441,1,54,35
1428,7566,14,14,4
1429,12712,8,73,39
1430,10870,4,81,72
1431,14977,6,65,36
1432,12202,2,107,13
1433,12035,14,48,12
1434,12307,18,64,9
1435,5053,1,33,24
1436,6570,13,59,30
1437,14946,3,96,45
1438,13082,8,102,59
1439,10232,8,90,52
1440,8930,18,85,68
1441,5220,16,22,5
1442,8848,2,103,3
1443,11679,17,61,54
1444,9558,19,31,4
1445,11140,2,30,2
1446,13975,8,63,37
1447,9951,16,82,24
1448,7642,6,104,100
1449,12094,10,89,48
1450,8966,19,23,9
1451,9139,6,87,76
1452,5268,18,73,29
1453,11729,10,51,1
1454,8512,4,27,4
1455,6586,2,66,60
1456,8632,14,38,32
1457,13015,2,49,27
1458,12170,6,84,38
1459,11983,18,54,19
1460,11322,4,85,43
1461,7485,8,67,55
1462,7673,3,27,24
1463,8798,17,71,58
1464,13390,11,53,30
1465,12160,13,74,18
1466,5633,10,87,9
1467,5556,6,108,71
1468,12874,13,72,16
1469,8493,2,90,4
1470,14534,5,53,4
1471,12414,15,31,14
1472,11666,0,48,41
1473,8303,16,103,5
1474,9165,15,43,29
1475,9129,10,11,5
1476,14346,0,40,12
1477,14052,5,83,56
1478,9947,3,59,1
1479,6703,10,38,20
1480,6150,10,52,17
1481,7416,17,70,36
1482,13284,6,60,22
1483,14543,2,28,10
1484,7116,13,107,100
1485,6151,17,51,0
1486,5868,0,41,38
1487,8037,4,78,33
1488,5808,4,60,24
1489,13407,5,25,3
1490,13256,6,62,9
1491,10221,6,63,47
1492,12182,17,101,67
1493,9274,14,50,10
1494,5453,4,101,3
1495,5219,15,53,2
1496,13315,18,100,29
1497,9750,4,68,64
1498,13535,4,70,9
1499,12453,9,92,50
1500,14059,11,20,11
1501,14720,12,84,76
1502,10930,12,93,39
1503,13966,4,40,14
1504,13714,17,100,68
1505,11956,1,105,89
1506,14395,19,107,99
1507,5691,13,38,21
1508,13422,7,50,4
1509,13150,11,80,46
1510,6351,19,108,19
1511,7641,7,91,57
1512,6371,0,100,48
1513,6459,18,58,40
1514,5442,7,77,30
1515,8372,9,66,11
1516,13701,10,82,52
1517,7863,6,60,32
1518,10824,14,90,18
1519,6200,16,21,9
1520,10841,12,81,41
1521,8463,10,72,25
1522,14023,5,21,7
1523,13139,4,56,30
1524,8163,8,73,38
1525,12784,19,106,67
1526,10401,0,48,19
1527,6929,3,84,77
1528,6040,4,22,6
1529,9861,4,55,37
1530,12269,12,29,1
1531,5309,11,92,21
1532,6492,19,74,49
1533,13884,0,10,6
1534,7487,5,73,55
1535,7845,0,74,35
1536,13332,0,64,13
1537,7041,2,27,12
1538,10938,13,52,22
1539,14918,7,46,35
1540,10916,14,109,106
1541,8832,11,10,7
1542,8212,6,33,4
1543,5611,19,40,20
1544,9264,5,29,23
1545,10534,2,44,13
1546,10929,7,47,16
1547,9585,18,57,14
1548,9934,2,50,33
1549,12095,2,80,73
1550,8149,7,109,103
1551,6228,15,109,20
1552,13170,7,87,77
1553,12792,5,89,46
1554,12550,3,36,26
1555,8386,13,70,17
1556,14432,9,50,20
1557,12734,14,94,23
1558,10454,18,100,48
1559,6471,10,75,3
1560,9821,4,54,5
1561,10508,7,83,18
1562,14220,4,50,12
1563,5598,12,69,44
1564,14093,11,84,30
1565,10224,3,78,62
1566,10716,1,38,31
1567,9990,10,92,57
1568,7893,6,72,63
1569,7766,12,62,17
1570,6217,14,81,25
1571,5321,11,61,40
1572,8905,10,80,60
1573,9578,1,28,12
1574,14105,0,107,46
1575,11445,0,49,39
1576,13486,9,107,103
1577,11977,8,77,59
1578,5744,18,65,4
1579,7990,14,64,8
1580,13672,4,70,45
1581,14367,4,94,25
1582,11938,10,28,25
1583,7081,9,34,7
1584,8508,4,10,1
1585,5114,7,106,33
1586,6917,3,31,5
1587,6698,12,84,33
1588,14910,1,31,2
1589,8100,12,42,22
1590,6076,19,48,31
1591,13317,7,27,19
1592,7763,15,85,80
1593,13260,13,103,66
1594,7612,17,86,39
1595,14584,15,58,54
1596,12639,4,38,25
1597,7277,13,49,21
1598,6377,12,39,9
1599,10030,19,51,36
1600,12791,15,41,26
1601,6868,13,81,48
1602,11225,1,90,11
1603,9333,13,34,28
1604,11727,9,11,8
1605,10781,6,51,29
1606,12223,0,65,61
1607,8200,1,87,81
1608,14284,19,93,81
1609,12037,1,108,87
1610,5296,7,52,32
1611,14020,8,12,8
1612,8131,1,27,19
1613,9320,1,80,60
1614,5456,7,99,35
1615,6710,13,95,0
1616,11383,7,85,31
1617,5332,0,83,3
1618,7749,5,95,39
1619,10730,6,71,39
1620,13869,16,29,24
1621,12019,4,75,3
1622,13618,2,48,41
1623,9052,11,59,17
1624,10362,8,34,24
1625,12196,17,12,9
1626,5404,1,35,22
1627,12282,12,20,7
1628,5954,8,81,10
1629,9410,4,45,7
1630,10135,9,100,94
1631,6480,2,34,25
1632,7498,10,30,2
1633,6330,5,73,62
1634,6585,7,57,45
1635,13897,7,63,3
1636,14870,7,43,5
1637,5464,6,90,34
1638,12917,15,68,35
1639,14579,12,62,6
1640,13211,3,107,79
1641,12537,0,79,9
1642,5056,2,83,62
1643,5802,13,56,10
1644,11725,13,92,30
1645,11434,0,62,16
1646,7199,8,51,9
1647,9131,15,101,27
1648,7553,5,85,9
1649,6070,18,37,3
1650,7925,2,83,72
1651,5778,7,26,22
1652,6588,16,79,75
1653,14139,15,65,48
1654,6920,8,45,35
1655,5388,17,108,74
1656,14273,4,66,57
1657,11797,3,45,5
1658,13244,16,45,0
1659,8053,8,74,26
1660,14677,11,24,9
1661,7952,7,74,39
1662,13750,12,87,19
1663,13801,12,102,91
1664,11757,7,56,1
1665,8921,11,33,8
1666,6042,3,31,18
1667,18486,2,48,38
1668,12925,7,32,17
1669,19468,4,94,56
1670,15708,0,67,62
1671,15655,9,69,52
1672,10666,6,95,47
1673,6470,18,62,42
1674,24865,4,87,75
1675,17993,8,88,61
1676,21433,10,33,18
1677,7508,1,105,56
1678,14381,14,55,41
1679,7849,0,95,56
1680,13853,18,65,52
1681,9745,16,88,82
1682,12422,18,48,26
1683,18611,13,58,35
1684,14603,12,66,50
1685,23227,8,11,5
1686,17967,5,27,20
1687,12052,5,57,36
1688,6744,2,96,51
1689,16718,1,106,93
1690,21069,9,35,30
1691,11320,15,93,74
1692,24345,0,12,7
1693,19206,12,19,13
1694,18437,2,105,87
1695,18540,12,23,14
1696,13537,11,55,34
1697,22560,4,106,98
1698,22523,2,62,58
1699,23931,4,22,11
1700,22949,18,49,34
1701,11224,16,42,31
1702,15475,15,67,38
1703,11699,17,68,41
1704,6554,4,38,33
1705,16011,15,94,49
1706,18770,0,24,12
1707,18849,10,69,57
1708,21684,15,88,45
1709,12790,18,88,47
1710,19005,4,92,64
1711,17392,0,58,50
1712,16137,1,86,68
1713,11989,4,47,23
1714,20727,0,90,54
1715,10893,15,34,29
1716,23659,18,73,38
1717,19652,8,89,54
1718,19431,15,93,65
1719,17509,13,31,15
1720,21680,3,13,6
1721,8863,4,64,58
1722,20111,9,105,77
1723,8644,8,84,42
1724,10509,11,88,62
1725,18693,3,85,48
1726,23765,19,36,24
1727,19094,3,16,10
1728,22389,17,54,39
1729,10096,11,15,9
1730,17980,15,58,40
1731,12201,9,41,28
1732,10653,3,58,48
1733,8829,15,71,35
1734,12171,5,91,49
1735,14312,8,32,20
1736,9178,16,70,62
1737,8649,5,74,44
1738,13796,19,84,42
1739,5409,2,19,9
1740,5025,18,18,13
1741,8049,12,12,9
1742,16749,15,14,7
1743,11327,14,81,48
1744,8997,7,27,13
1745,21425,10,54,37
1746,23977,8,32,19
1747,11663,19,11,7
1748,18011,14,56,51
1749,23269,2,28,17
1750,15327,5,19,10
1751,5086,10,85,55
1752,24889,18,88,61
1753,17161,6,95,59
1754,11793,7,48,27
1755,18904,19,88,83
1756,14929,1,101,66
1757,19164,1,31,20
1758,14661,10,36,26
1759,11849,16,89,65
1760,19289,18,77,41
1761,7192,5,64,57
1762,19455,19,106,88
1763,20767,8,76,61
1764,21062,11,76,62
1765,9818,13,80,76
1766,19715,10,96,48
1767,23494,5,81,52
1768,22251,6,91,57
1769,13312,11,43,28
1770,13430,9,22,12
1771,21513,1,101,63
1772,7358,11,81,71
1773,22052,17,72,56
1774,15869,10,59,53
1775,23798,19,72,53
1776,19250,19,48,27
1777,11205,15,22,16
1778,24668,11,22,19
1779,15354,13,28,20
1780,12028,5,109,76
1781,8734,11,11,5
1782,18967,17,70,53
1783,6399,6,40,20
1784,22034,12,43,32
1785,12748,11,106,64
1786,9331,8,72,57
1787,13077,1,105,72
1788,12582,10,82,56
1789,19435,5,17,8
1790,7605,15,100,91
1791,10949,0,79,51
1792,9998,14,13,7
1793,7641,5,19,14
1794,22561,5,27,14
1795,15902,10,43,25
1796,17407,1,83,49
1797,10000,1,106,96
1798,17596,1,33,26
1799,10123,4,26,17
1800,7436,11,32,28
1801,20143,3,32,25
1802,10985,12,47,34
1803,9338,18,67,36
1804,5899,3,41,24
1805,24048,1,105,88
1806,9614,14,66,50
1807,7542,2,37,19
1808,5647,10,59,52
1809,23378,7,14,7
1810,18255,1,109,57
1811,18733,18,98,79
1812,15438,19,13,9
1813,24336,6,55,48
1814,11856,15,14,9
1815,10186,5,27,20
1816,6587,4,106,103
1817,6983,6,93,89
1818,11094,19,104,77
1819,24954,6,97,74
1820,7852,13,44,33
1821,10516,8,84,70
1822,13990,11,37,24
1823,11721,15,89,85
1824,23956,3,77,42
1825,11250,0,93,52
1826,11204,6,92,61
1827,16229,10,59,45
1828,17193,2,89,44
1829,23230,3,20,10
1830,17877,19,15,10
1831,15738,6,51,33
1832,20414,19,65,47
1833,16630,9,46,26
1834,22140,3,10,5
1835,20115,6,47,43
1836,6185,1,81,52
1837,18133,11,83,49
1838,23359,10,33,17
1839,8127,7,57,41
1840,11421,11,73,49
1841,12312,1,47,43
1842,14754,1,97,83
1843,13512,1,40,33
1844,20336,3,75,58
1845,20827,0,108,65
1846,7050,16,34,24
1847,5724,6,23,19
1848,21429,7,86,56
1849,12987,7,17,10
1850,16794,5,109,74
1851,16327,9,19,11
1852,10594,3,107,58
1853,13620,10,48,45
1854,14424,14,22,19
1855,23158,3,80,50
1856,17642,12,78,57
1857,18212,1,100,84
1858,6472,17,98,72
1859,8725,16,12,9
1860,15683,17,97,54
1861,12133,0,15,7
1862,17742,11,77,55
1863,23249,14,57,38
1864,14368,1,27,17
1865,23734,10,100,92
1866,8304,4,49,31
1867,6613,8,82,53
1868,5559,14,22,16
1869,12082,8,89,54
1870,10673,7,44,31
1871,12912,11,54,37
1872,11291,10,84,72
1873,6230,13,21,17
1874,23990,4,16,12
1875,16940,3,26,22
1876,6434,1,16,11
1877,13086,0,77,66
1878,14404,15,50,41
1879,9911,14,87,69
1880,16800,8,82,67
1881,9063,4,50,28
1882,21790,5,10,6
1883,20414,10,61,46
1884,23272,7,58,49
1885,7117,14,36,30
1886,5866,11,15,9
1887,24043,11,108,99
1888,18065,11,84,49
1889,21582,13,76,69
1890,13644,3,12,6
1891,24973,13,13,6
1892,9262,3,73,38
1893,16933,8,90,60
1894,6505,17,48,44
1895,7536,1,104,70
1896,14291,5,70,36
1897,10254,9,63,56
1898,9156,15,64,36
1899,22912,17,70,58
1900,9238,9,31,17
1901,20775,15,67,62
1902,13155,7,20,12
1903,21641,6,104,61
1904,20362,13,24,15
1905,17932,4,11,6
1906,22602,13,85,77
1907,13465,19,18,12
1908,19013,2,103,77
1909,7065,7,30,24
1910,5822,17,75,50
1911,8795,16,60,35
1912,11899,4,47,28
1913,5772,10,107,67
1914,20451,15,39,21
1915,12572,18,83,77
1916,6079,9,61,35
1917,15487,8,81,53
1918,10397,6,30,16
1919,17321,16,107,82
1920,18824,4,78,41
1921,16113,11,80,72
1922,22033,8,51,46
1923,8110,13,78,58
1924,20681,11,49,26
1925,11580,18,50,31
1926,14499,6,55,34
1927,24408,19,39,35
1928,13046,4,85,52
1929,14367,11,50,35
1930,9657,17,32,25
1931,24179,4,47,36
1932,11909,15,40,36
1933,11381,1,58,47
1934,16502,18,36,29
1935,20811,3,42,29
1936,21130,13,72,41
1937,20923,18,105,53
1938,15647,4,22,13
1939,12622,18,97,63
1940,10521,9,105,85
1941,12398,4,76,63
1942,5913,5,81,48
1943,15591,9,37,31
1944,18246,2,100,85
1945,18409,7,41,25
1946,13288,17,61,54
1947,24547,17,62,57
1948,24071,14,29,20
1949,10857,9,106,102
1950,20464,12,88,68
1951,11631,5,44,29
1952,21712,12,80,72
1953,12620,12,81,77
1954,17398,6,42,32
1955,14487,19,28,15
1956,20660,6,98,82
1957,7181,14,34,29
1958,20095,14,43,28
1959,12136,15,98,86
1960,18506,10,64,52
1961,7049,11,54,39
1962,8942,6,60,39
1963,22798,14,84,69
1964,10277,19,106,72
1965,5020,1,89,84
1966,13993,19,45,30
1967,16150,18,45,38
1968,16026,0,77,44
1969,5539,2,100,55
1970,21845,6,59,40
1971,23403,0,22,16
1972,11228,7,61,49
1973,16634,0,11,6
1974,17236,0,11,7
1975,8572,8,75,42
1976,23170,19,98,51
1977,23134,11,35,17
1978,15725,8,88,83
1979,18835,2,25,17
1980,14175,10,85,59
1981,20076,0,11,6
1982,15075,8,43,37
1983,24734,0,93,87
1984,16552,2,59,34
1985,10464,15,42,22
1986,5436,0,82,63
1987,18857,4,58,39
1988,18545,11,40,37
1989,19062,5,11,5
1990,22234,0,87,64
1991,18529,9,38,35
1992,24206,6,12,7
1993,15498,6,86,57
1994,10980,0,61,53
1995,11794,10,73,60
1996,13717,2,33,20
1997,18299,3,61,38
1998,15261,11,27,22
1999,16041,16,72,52
2000,14426,10,18,15
2001,6019,8,27,23
2002,24235,3,65,48
2003,10385,8,50,46
2004,18129,12,88,44
2005,12319,6,98,82
2006,7312,2,53,46
2007,12729,10,65,35
2008,9519,10,36,28
2009,16749,5,29,23
2010,21587,18,87,49
2011,15755,17,85,46
2012,23144,12,22,13
2013,13543,2,22,16
2014,19511,11,35,20
2015,6933,5,82,64
2016,9968,7,94,60
2017,17324,9,68,48
2018,18786,3,54,37
2019,5092,7,97,73
2020,20253,18,58,29
2021,11959,11,16,9
2022,7447,17,60,35
2023,9762,2,75,60
2024,12707,16,65,55
2025,15621,19,67,54
2026,9818,2,62,35
2027,20958,16,68,50
2028,14934,11,72,41
2029,23090,5,89,63
2030,20722,13,12,7
2031,7652,9,100,56
2032,21547,18,20,14
2033,22043,5,103,87
2034,19073,6,44,23
2035,18912,18,84,68
2036,21942,15,56,32
2037,20413,11,13,7
2038,21165,17,92,46
2039,17662,10,36,19
2040,17260,16,27,15
2041,7411,1,72,67
2042,6458,11,46,23
2043,11340,15,93,71
2044,21857,5,71,36
2045,12283,7,16,12
2046,6924,5,63,44
2047,17205,1,76,68
2048,8873,11,94,74
2049,5329,1,34,26
2050,20392,6,95,74
2051,7718,5,37,19
2052,13530,5,68,54
2053,16145,19,38,29
2054,15091,0,89,51
2055,17452,17,28,21
2056,11784,5,50,28
2057,19096,19,20,16
2058,23889,6,72,65
2059,16627,2,66,43
2060,22503,3,100,61
2061,17250,4,42,37
2062,6695,10,95,88
2063,16712,4,68,52
2064,9100,9,14,11
2065,20396,12,68,39
2066,19192,19,15,7
2067,16759,7,61,43
2068,6955,4,41,30
2069,22771,2,33,16
2070,15626,8,80,51
2071,11948,5,79,72
2072,12377,12,106,79
2073,8882,17,56,35
2074,9281,14,95,56
2075,8053,4,58,36
2076,17866,16,17,9
2077,11367,1,23,15
2078,7233,1,44,40
2079,22973,7,22,15
2080,16531,16,59,44
2081,7182,4,85,69
2082,21584,10,56,30
2083,13586,17,21,12
2084,16840,13,27,15
2085,9091,5,12,9
2086,15312,13,27,21
2087,18431,7,53,47
2088,12382,5,51,25
2089,18563,6,50,31
2090,17608,16,38,25
2091,10513,5,105,76
2092,7881,18,72,68
2093,9802,10,32,16
2094,5244,5,94,67
2095,23637,18,68,43
2096,16894,2,53,34
2097,12854,10,13,8
2098,6543,7,66,56
2099,12022,18,43,34
2100,16145,16,94,51
2101,18273,8,26,17
2102,13639,13,96,81
2103,15619,2,51,31
2104,13879,19,46,41
2105,22186,6,48,42
2106,13960,12,107,92
2107,18215,7,55,28
2108,9700,9,107,77
2109,21452,3,107,74
2110,10487,19,29,17
2111,12590,0,37,18
2112,19693,9,36,30
2113,23236,5,64,56
2114,19895,10,13,7
2115,12453,19,85,61
2116,24486,17,47,41
2117,6062,2,59,42
2118,6990,2,13,8
2119,23578,4,36,22
2120,15620,3,21,15
2121,5639,18,92,50
2122,15680,13,17,11
2123,21367,0,53,26
2124,14299,10,96,63
2125,24363,7,45,28
2126,14834,19,21,15
2127,6954,18,77,62
2128,7136,17,32,29
2129,10552,19,34,19
2130,10151,10,70,61
2131,7487,16,102,59
2132,21960,19,104,57
2133,9896,0,83,54
2134,5861,8,68,41
2135,8994,1,103,53
2136,22694,16,22,12
2137,8090,2,44,33
2138,10960,0,28,25
2139,5537,12,53,43
2140,10223,1,70,62
2141,23145,19,59,32
2142,6701,8,66,48
2143,6055,19,45,22
2144,21016,0,101,82
2145,13970,1,63,55
2146,22559,12,44,41
2147,22306,16,46,38
2148,8341,18,59,47
2149,14481,14,18,9
2150,12044,8,40,25
2151,15837,15,30,25
2152,5339,15,52,30
2153,12451,10,95,53
2154,24696,9,92,89
2155,9221,16,89,76
2156,7422,10,37,28
2157,6213,6,48,37
2158,21928,15,41,31
2159,15783,4,47,27
2160,20627,16,91,65
2161,12818,10,64,36
2162,13120,19,50,31
2163,5807,8,109,104
2164,9679,0,14,8
2165,24488,7,68,64
2166,24964,10,29,18
2167,10698,4,76,69
2168,5029,4,31,17
2169,12291,17,45,29
2170,7961,15,26,21
2171,6788,4,56,30
2172,6474,0,30,19
2173,23135,5,36,32
2174,21923,16,17,11
2175,23849,1,13,7
2176,7955,17,107,67
2177,7065,11,56,52
2178,17160,8,22,14
2179,14535,16,92,50
2180,22964,14,31,23
2181,21005,8,98,82
2182,20683,13,11,5
2183,17161,0,97,79
2184,11458,2,27,23
2185,15064,0,59,42
2186,18385,18,24,17
2187,6108,12,101,81
2188,20594,8,39,32
2189,20183,4,59,55
2190,22591,10,85,63
2191,13261,1,101,94
2192,9175,4,87,59
2193,10597,15,62,50
2194,5176,6,47,23
2195,20232,19,29,21
2196,19014,3,33,26
2197,14304,0,98,58
2198,21827,6,35,24
2199,10138,0,81,41
2200,12212,10,92,54
2201,14372,6,55,37
2202,18754,8,12,6
2203,13327,11,42,24
2204,6677,5,109,102
2205,10317,10,41,24
2206,7130,10,63,58
2207,6707,1,49,36
2208,18015,17,105,94
2209,22584,7,32,29
2210,9585,15,54,30
2211,17364,14,74,64
2212,14500,5,80,51
2213,22113,13,98,75
2214,13002,5,63,54
2215,24765,0,89,80
2216,22522,16,103,96
2217,16902,16,82,59
2218,8266,15,81,58
2219,23131,17,71,65
2220,5493,4,33,19
2221,19617,8,98,62
2222,13142,15,74,43
2223,19963,13,64,59
2224,15435,3,60,51
2225,18929,19,53,26
2226,6034,16,77,55
2227,23434,17,53,45
2228,22062,9,100,87
2229,22321,0,89,67
2230,5250,1,81,59
2231,9042,19,103,53
2232,24052,15,78,40
2233,23805,1,109,64
2234,6603,19,58,36
2235,10882,16,106,54
2236,21841,0,66,48
2237,24628,9,82,48
2238,10770,14,82,65
2239,15398,0,34,20
2240,22107,15,56,52
2241,20048,7,45,35
2242,5627,8,21,15
2243,24682,15,32,16
2244,9572,14,34,23
2245,13070,8,67,43
2246,5994,7,71,50
2247,21722,18,49,33
2248,23650,8,103,67
2249,21227,11,47,26
2250,14308,10,37,22
2251,21059,6,12,9
2252,24682,19,56,39
2253,13316,11,22,18
2254,8110,19,16,10
2255,11794,7,55,48
2256,19919,9,33,25
2257,11317,18,13,7
2258,8876,1,99,89
2259,10932,4,90,77
2260,17606,17,100,86
2261,9178,7,36,23
2262,16258,10,55,41
2263,6772,1,73,48
2264,6789,2,64,32
2265,23504,16,24,15
2266,20437,14,105,95
2267,10271,11,90,77
2268,7358,2,83,56
2269,22355,7,88,66
2270,23882,17,106,98
2271,17793,1,63,46
2272,24391,12,100,71
2273,18208,0,99,56
2274,8933,4,13,9
2275,10408,18,107,67
2276,22293,10,100,57
2277,5811,17,76,68
2278,18794,8,24,14
2279,7679,7,89,79
2280,23547,6,99,81
2281,21866,0,47,31
2282,8415,11,103,83
2283,6580,12,62,49
2284,14958,12,11,5
2285,7200,4,62,45
2286,12774,17,37,22
2287,12594,7,31,20
2288,22596,1,47,33
2289,17617,19,69,54
2290,12774,16,77,67
2291,8166,7,11,7
2292,7311,4,24,19
2293,9435,19,15,10
2294,15235,6,66,57
2295,21853,13,24,13
2296,5638,12,55,34
2297,16762,8,83,70
2298,21856,10,29,25
2299,12579,13,86,72
2300,10011,15,48,45
2301,19435,4,67,33
2302,10883,15,26,19
2303,10405,17,85,52
2304,14692,4,59,45
2305,11177,17,85,81
2306,18960,10,74,59
2307,13679,11,54,51
2308,15862,8,22,18
2309,23313,1,22,13
2310,14283,7,77,69
2311,14989,7,38,34
2312,19748,7,64,59
2313,24737,16,49,26
2314,6841,15,72,56
2315,19245,2,21,12
2316,12612,8,30,19
2317,16788,7,19,14
2318,10175,2,88,54
2319,24730,14,19,14
2320,11785,0,105,82
2321,18406,2,73,59
2322,11585,10,48,45
2323,8385,0,77,39
2324,8137,2,89,71
2325,11221,11,107,95
2326,10691,9,102,83
2327,15407,8,11,5
2328,8151,8,34,27
2329,21629,7,22,14
2330,14027,9,101,86
2331,19888,18,11,6
2332,11465,2,10,7
2333,7707,19,30,22
2334,20220,11,27,23
2335,16401,15,88,54
2336,15634,5,16,10
2337,8202,11,68,53
2338,8923,7,83,76
2339,9566,4,102,64
2340,24168,17,105,55
2341,21128,4,100,76
2342,17036,4,23,15
2343,8483,1,24,20
2344,7518,19,42,36
2345,14928,18,11,5
2346,6389,1,103,68
2347,9486,5,84,69
2348,11370,2,50,31
2349,16032,10,92,56
2350,22713,1,103,95
2351,12522,12,103,77
2352,20223,13,52,29
2353,13812,4,54,28
2354,19196,10,32,20
2355,14309,19,87,64
2356,15827,18,98,54
2357,12488,8,104,85
2358,19109,17,86,43
2359,10922,17,19,11
2360,16761,11,42,27
2361,16089,13,26,18
2362,21398,15,10,5
2363,20454,13,52,47
2364,9735,12,48,29
2365,5507,0,94,72
2366,7733,17,32,18
2367,10790,8,94,75
2368,18704,2,65,58
2369,9796,16,35,22
2370,7398,10,109,68
2371,17910,6,83,54
2372,22442,4,16,11
2373,5398,13,107,97
2374,7630,4,53,41
2375,21602,17,66,34
2376,19560,1,56,44
2377,20120,15,33,22
2378,15056,18,18,13
2379,23800,16,91,47
2380,24000,3,59,34
2381,11685,10,82,74
2382,6450,7,74,66
2383,12963,8,29,24
2384,12197,12,31,16
2385,14234,9,51,36
2386,16536,4,95,91
2387,16017,13,14,7
2388,24621,0,56,43
2389,24307,1,77,48
2390,20999,5,106,97
2391,10381,17,39,35
2392,15788,0,86,53
2393,16077,13,55,51
2394,13186,19,71,50
2395,19428,18,62,50
2396,17269,8,35,28
2397,21093,12,10,6
2398,12847,18,74,63
2399,16547,0,98,51
2400,13151,1,86,59
2401,11158,4,27,16
2402,12627,8,71,65
2403,19446,15,20,15
2404,23452,18,60,39
2405,10750,4,26,21
2406,24240,15,24,20
2407,23466,4,64,41
2408,18563,9,82,69
2409,23064,14,92,66
2410,13645,10,73,65
2411,19114,8,11,6
2412,23911,2,24,14
2413,12130,17,65,35
2414,23661,19,10,7
2415,8197,3,70,64
2416,15964,3,43,36
2417,21880,3,53,47
2418,24117,9,24,16
2419,12613,9,45,36
2420,23448,1,30,26
2421,16183,11,38,23
2422,11689,19,15,11
2423,17689,11,64,40
2424,13039,12,47,27
2425,24314,19,100,68
2426,23087,10,88,68
2427,14987,10,32,27
2428,17012,2,42,33
2429,7006,6,103,83
2430,12874,18,64,32
2431,22633,1,46,40
2432,23934,6,48,39
2433,14657,10,75,66
2434,21407,12,66,47
2435,10175,11,21,10
2436,13568,18,37,27
2437,21950,10,14,11
2438,20595,4,67,56
2439,24058,18,87,67
2440,15150,16,57,50
2441,21361,16,83,72
2442,17353,12,77,50
2443,7973,12,76,72
2444,12158,8,46,40
2445,10808,7,44,28
2446,22536,2,98,57
2447,14351,16,36,21
2448,19940,19,71,57
2449,8783,9,88,56
2450,9042,1,73,39
2451,22818,16,21,10
2452,15635,1,17,10
2453,24883,5,12,9
2454,10092,15,53,26
2455,7501,4,73,59
2456,21410,18,104,70
2457,15487,13,57,35
2458,21820,7,22,12
2459,10810,13,47,27
2460,16708,15,70,38
2461,21617,3,24,20
2462,13669,16,98,93
2463,5527,14,90,70
2464,13325,14,39,28
2465,20548,11,100,58
2466,12460,11,69,46
2467,10192,17,67,43
2468,8947,17,58,40
2469,15446,7,86,72
2470,23926,8,59,29
2471,21298,1,11,7
2472,18538,14,89,60
2473,7235,17,107,69
2474,22791,4,45,38
2475,21961,5,81,49
2476,22694,8,32,23
2477,18695,7,27,18
2478,17027,19,75,67
2479,19553,7,103,69
2480,23355,6,91,73
2481,18335,5,11,6
2482,22959,7,90,76
2483,17576,10,21,10
2484,11455,10,60,52
2485,10567,0,35,21
2486,11248,10,59,45
2487,19593,3,27,21
2488,20486,15,90,68
2489,17917,12,75,52
2490,24138,3,105,83
2491,19506,6,18,15
2492,12388,3,99,51
2493,16187,11,17,9
2494,5825,4,29,14
2495,5358,4,19,14
2496,7918,16,109,67
2497,8512,2,93,79
2498,15322,8,53,31
2499,16170,14,102,97
2500,6199,2,59,46
2501,19143,18,67,60
2502,16570,10,79,54
2503,8115,0,63,48
2504,18134,10,29,19
2505,10957,3,55,33
2506,20516,11,78,48
2507,7829,18,63,34
2508,23966,3,54,47
2509,7726,14,31,27
2510,22911,11,33,25
2511,21820,5,54,46
2512,17860,16,81,62
2513,16007,19,46,27
2514,10957,19,32,19
2515,6998,13,58,35
2516,6076,19,108,75
2517,20212,3,38,28
2518,24276,15,85,75
2519,20398,9,49,34
2520,7194,2,61,36
2521,6035,14,94,71
2522,10424,17,96,71
2523,6034,5,18,9
2524,17140,9,103,80
2525,11006,9,83,56
2526,20733,11,69,54
2527,23917,2,92,80
2528,11166,17,105,94
2529,12020,4,106,98
2530,24648,12,57,35
2531,12076,13,61,31
2532,23980,10,69,39
2533,19472,3,20,13
2534,17566,14,28,16
2535,6684,17,51,40
2536,16083,0,77,59
2537,22383,1,60,33
2538,9347,4,103,75
2539,21865,8,41,32
2540,20519,9,14,9
2541,14221,7,51,37
2542,10331,13,39,27
2543,10720,2,18,9
2544,5469,8,38,35
2545,21831,16,22,14
2546,5867,18,19,15
2547,14733,12,59,44
2548,13865,6,28,21
2549,7386,19,37,22
2550,6680,7,56,38
2551,17372,13,20,16
2552,24703,16,59,51
2553,9217,15,29,20
2554,11942,6,59,34
2555,16539,15,31,15
2556,20950,2,81,44
2557,18810,5,98,65
2558,6777,5,17,8
2559,22549,18,90,83
2560,17695,9,21,13
2561,19873,8,93,74
2562,12759,2,90,48
2563,21655,6,80,69
2564,17297,0,64,61
2565,17522,11,90,55
2566,9667,13,89,54
2567,17390,12,60,46
2568,16032,17,58,42
2569,16266,17,21,15
2570,10658,16,17,12
2571,16838,6,63,40
2572,16352,8,57,42
2573,7717,15,20,15
2574,9048,10,97,84
2575,5260,9,58,48
2576,23814,11,96,73
2577,13824,8,14,10
2578,22570,0,106,83
2579,17740,17,68,40
2580,6342,15,77,49
2581,21080,7,25,18
2582,13245,5,44,23
2583,7826,15,15,10
2584,5781,16,27,19
2585,11560,10,64,48
2586,5141,17,16,13
2587,21772,8,23,16
2588,21351,5,95,65
2589,9966,0,13,6
2590,7286,4,14,10
2591,12869,4,49,33
2592,11249,15,17,13
2593,21510,19,47,38
2594,18406,3,107,102
2595,8202,6,16,12
2596,6407,4,91,57
2597,21516,6,92,71
2598,8232,11,95,86
2599,9416,2,94,52
2600,17566,1,24,15
2601,6493,11,55,40
2602,9985,11,23,19
2603,18251,17,42,25
2604,7466,15,89,56
2605,14390,9,81,50
2606,8149,17,12,7
2607,20960,6,63,56
2608,9504,0,35,19
2609,24114,10,83,79
2610,23242,12,97,54
2611,6067,12,71,62
2612,10132,7,58,36
2613,16431,8,14,8
2614,23043,14,72,69
2615,18705,17,95,67
2616,8987,3,18,10
2617,9896,19,45,23
2618,9605,18,60,30
2619,20517,11,57,36
2620,8681,14,53,45
2621,14139,13,89,74
2622,23892,19,55,46
2623,12894,13,92,62
2624,15347,7,34,18
2625,17604,12,91,55
2626,21206,14,60,30
2627,10694,5,44,37
2628,23821,8,30,18
2629,21183,11,95,82
2630,15534,11,41,24
2631,22411,7,104,92
2632,8620,11,70,44
2633,16809,12,77,69
2634,22273,0,14,7
2635,11289,4,86,52
2636,23460,11,38,25
2637,20479,9,87,50
2638,12243,15,107,94
2639,9629,2,84,45
2640,7018,12,46,27
2641,11420,18,61,42
2642,11658,14,53,49
2643,24387,2,93,89
2644,15858,14,92,80
2645,10846,1,11,7
2646,24681,18,32,25
2647,6360,0,91,59
2648,5681,8,15,7
2649,8032,0,53,48
2650,22357,15,33,20
2651,8423,4,107,68
2652,13084,18,72,61
2653,18176,5,41,32
2654,12722,12,69,65
2655,6815,8,31,18
2656,5830,18,55,37
2657,10778,4,14,9
2658,14054,12,79,67
2659,7210,18,49,34
2660,15908,17,54,35
2661,21994,18,74,45
2662,6004,2,96,81
2663,8023,2,86,82
2664,10731,8,109,74
2665,7885,7,92,84
2666,15233,3,25,16
2667,18832,12,98,74
2668,10895,7,15,7
2669,17472,4,34,27
2670,21169,15,83,66
2671,22787,1,73,68
2672,13957,10,46,33
2673,11774,5,91,82
2674,11146,19,13,9
2675,13660,10,85,56
2676,21505,3,70,45
2677,12837,16,68,47
2678,10607,7,53,32
2679,19975,2,48,32
2680,5272,4,91,48
2681,7473,10,14,8
2682,10405,5,23,16
2683,8722,4,109,60
2684,9759,13,27,20
2685,9534,7,69,62
2686,18705,11,107,99
2687,21129,6,99,52
2688,5161,15,73,44
2689,16329,2,18,9
2690,12022,16,65,49
2691,18359,2,59,41
2692,11787,18,95,54
2693,6830,4,86,67
2694,16890,3,71,54
2695,24266,19,21,12
2696,7930,3,68,53
2697,7914,17,35,17
2698,9186,1,57,41
2699,13935,16,63,36
2700,5834,1,36,27
2701,23770,6,52,49
2702,17136,14,83,63
2703,16849,14,28,25
2704,24401,18,42,26
2705,7353,3,73,47
2706,9835,7,106,73
2707,23613,1,108,101
2708,12257,18,81,46
2709,20037,13,74,51
2710,18710,8,55,45
2711,14047,7,66,53
2712,9520,6,81,66
2713,7194,15,72,60
2714,21398,2,41,26
2715,21061,3,104,76
2716,20562,14,87,52
2717,23348,8,59,52
2718,22576,17,81,70
2719,20763,2,39,22
2720,16732,11,100,58
2721,16464,19,91,63
2722,13960,11,73,36
2723,5164,12,33,29
2724,10339,8,12,9
2725,21162,1,62,36
2726,6210,14,31,24
2727,17063,7,53,29
2728,10106,4,19,15
2729,5216,1,59,49
2730,9475,9,78,50
2731,15958,9,32,26
2732,20854,13,83,71
2733,11628,18,48,24
2734,13488,11,60,36
2735,20199,18,22,11
2736,21452,9,95,53
2737,17197,19,92,55
2738,14956,17,12,9
2739,14278,10,88,57
2740,9265,12,68,57
2741,17086,9,81,55
2742,17565,7,73,52
2743,11808,14,23,16
2744,10488,3,79,65
2745,19772,7,34,18
2746,10632,18,23,17
2747,21281,16,67,45
2748,11958,6,59,36
2749,14915,16,104,95
2750,13423,14,68,38
2751,12502,13,40,36
2752,6465,1,87,45
2753,14672,6,16,12
2754,9497,8,12,8
2755,14378,17,59,42
2756,21803,1,45,36
2757,20127,12,54,48
2758,8937,12,59,45
2759,18252,1,93,88
2760,9194,16,83,45
2761,6126,12,27,22
2762,13605,8,102,91
2763,17638,13,13,6
2764,24883,16,57,50
2765,19767,17,36,23
2766,14543,15,38,31
2767,20262,0,101,78
2768,24249,7,36,21
2769,22393,9,19,12
2770,23502,6,78,61
2771,21304,6,33,27
2772,20433,12,92,73
2773,6351,11,104,84
2774,13445,16,67,49
2775,14057,16,42,31
2776,19440,2,73,60
2777,7510,1,64,56
2778,20890,0,106,93
2779,24837,19,103,86
2780,5675,8,64,34
2781,19466,2,18,15
2782,10288,17,16,11
2783,15705,10,90,62
2784,20757,10,34,31
2785,19144,0,94,73
2786,15243,12,24,19
2787,16369,4,38,30
2788,22084,13,95,77
2789,21005,5,16,12
2790,22130,9,20,13
2791,23481,2,49,28
2792,15243,11,100,97
2793,11124,13,44,35
2794,7303,6,92,48
2795,17566,16,19,9
2796,11967,13,64,49
2797,11259,10,84,43
2798,22608,5,76,61
2799,5038,16,69,48
2800,16854,15,73,67
2801,9501,2,87,79
2802,5713,13,36,23
2803,17491,9,90,85
2804,12834,19,100,74
2805,24056,4,59,50
2806,15566,4,38,26
2807,13531,4,52,28
2808,6553,16,96,65
2809,9512,17,63,40
2810,13100,17,38,29
2811,6578,13,31,19
2812,11248,12,101,72
2813,8298,18,97,93
2814,21872,18,24,20
2815,5605,10,91,58
2816,11738,2,102,91
2817,24313,0,92,74
2818,18142,11,33,22
2819,23135,1,18,12
2820,8941,7,74,59
2821,19346,17,89,63
2822,19354,8,25,21
2823,6575,10,62,50
2824,16252,0,85,43
2825,16499,9,106,79
2826,17066,14,29,15
2827,9023,17,42,36
2828,24765,1,60,34
2829,9655,6,101,79
2830,19569,17,86,80
2831,13822,19,25,15
2832,22563,6,16,10
2833,10330,1,44,38
2834,10195,14,107,84
2835,16214,18,76,55
2836,8900,5,88,72
2837,20059,11,95,86
2838,10391,6,38,24
2839,23733,19,96,79
2840,20755,4,39,33
2841,23220,9,11,5
2842,13343,12,38,24
2843,13223,2,84,62
2844,13030,7,51,25
2845,12194,5,80,71
2846,6385,10,93,56
2847,16857,0,78,66
2848,20624,4,86,70
2849,8866,19,31,23
2850,20721,11,14,7
2851,22551,13,42,30
2852,5350,8,21,11
2853,23345,16,108,82
2854,14052,2,95,75
2855,15661,8,108,105
2856,8830,11,102,63
2857,24938,8,79,45
2858,24461,12,76,45
2859,8937,17,53,35
2860,17898,15,72,66
2861,9707,8,78,45
2862,12146,5,89,53
2863,13334,13,58,38
2864,21857,7,30,26
2865,9008,11,25,20
2866,7415,10,79,51
2867,23905,5,14,11
2868,20726,13,10,7
2869,17621,5,91,49
2870,6880,3,34,30
2871,18711,8,59,47
2872,16733,11,75,60
2873,13367,18,11,6
2874,12691,18,63,33
2875,23141,1,29,25
2876,11788,1,106,91
2877,17555,6,80,72
2878,11251,1,46,26
2879,23189,9,29,14
2880,13910,4,19,10
2881,9988,0,18,14
2882,19045,3,64,60
2883,23670,8,78,72
2884,10161,15,24,14
2885,15368,13,70,60
2886,6541,10,29,18
2887,5652,4,22,18
2888,12496,1,20,13
2889,23546,12,46,26
2890,16785,17,39,29
2891,17531,11,85,71
2892,14153,4,13,8
2893,20792,1,68,36
2894,18900,14,40,32
2895,10199,5,83,76
2896,10351,3,109,65
2897,16222,0,62,37
2898,23995,17,107,76
2899,14421,19,81,41
2900,20728,7,47,25
2901,5896,1,40,37
2902,10794,6,82,48
2903,9187,0,16,12
2904,12887,16,63,50
2905,11635,14,71,44
2906,6919,10,20,14
2907,6123,10,75,42
2908,22658,5,17,8
2909,6172,18,20,12
2910,9301,2,44,35
2911,22715,12,24,19
2912,14029,7,41,28
2913,15966,0,46,43
2914,24313,8,58,42
2915,10975,13,19,11
2916,5227,1,76,58
2917,15383,9,86,76
2918,23863,0,12,7
2919,5315,19,48,44
2920,18579,10,31,17
2921,12675,12,88,58
2922,19605,16,34,18
2923,10933,8,77,41
2924,20536,15,98,51
2925,24798,4,86,50
2926,22774,7,80,40
2927,21664,7,25,17
2928,24046,13,81,67
2929,21828,7,56,44
2930,13375,14,39,30
2931,10578,3,40,36
2932,10539,8,22,19
2933,19700,8,94,48
2934,9941,8,75,64
2935,5974,18,64,57
2936,12930,0,20,17
2937,12904,1,49,42
2938,5403,1,89,51
2939,14105,2,101,93
2940,7689,15,20,17
2941,11357,9,76,72
2942,5783,13,90,81
2943,23112,18,76,46
2944,13652,16,11,5
2945,9489,10,74,67
2946,17166,1,13,6
2947,22383,5,13,7
2948,24183,5,92,87
2949,8031,19,13,9
2950,6786,18,31,26
2951,22459,12,71,55
2952,13574,1,66,42
2953,12995,6,36,19
2954,14714,2,50,44
2955,22712,19,61,45
2956,24471,9,99,89
2957,10491,5,45,41
2958,14457,17,60,53
2959,8082,0,19,13
2960,22685,17,81,66
2961,5443,0,23,11
2962,21060,13,20,10
2963,18519,2,36,32
2964,18958,8,12,6
2965,13880,9,44,24
2966,13888,1,25,21
2967,23410,2,14,10
2968,11134,10,29,14
2969,5845,14,34,20
2970,12720,6,23,12
2971,15409,8,100,71
2972,24609,0,48,28
2973,5016,6,17,10
2974,7259,11,108,68
2975,8703,18,72,59
2976,20939,12,25,21
2977,12956,6,74,68
2978,9283,11,60,36
2979,18089,7,102,98
2980,12274,16,77,50
2981,11455,15,54,30
2982,11405,9,39,29
2983,21948,4,15,9
2984,22634,18,49,28
2985,14333,2,92,50
2986,19839,3,62,43
2987,16355,9,98,78
2988,20807,1,21,13
2989,6002,5,41,21
2990,24924,11,49,26
2991,21741,8,37,25
2992,16893,4,54,36
2993,7163,4,29,14
2994,22569,7,13,9
2995,5605,15,76,41
2996,12610,14,60,32
2997,17556,1,14,9
2998,21099,3,107,98
2999,8183,2,79,53
3000,19338,11,55,44
3001,7291,17,100,59
3002,15654,13,74,51
3003,12752,17,16,9
3004,21257,0,88,53
3005,19178,13,39,32
3006,24958,0,47,31
3007,9277,17,109,69
3008,21139,10,76,45
3009,17312,2,60,45
3010,17688,9,48,38
3011,23979,7,21,11
3012,9726,17,83,71
3013,17080,6,82,65
3014,7097,3,23,12
3015,10884,3,19,9
3016,14686,10,81,75
3017,22735,17,88,64
3018,12133,18,51,42
3019,6935,1,24,12
3020,8007,4,56,45
3021,5889,8,44,27
3022,16096,2,55,35
3023,8528,6,40,20
3024,13294,2,31,19
3025,7339,7,93,72
3026,21391,8,11,5
3027,5723,7,21,17
3028,21191,2,43,37
3029,12137,7,105,81
3030,14999,5,93,73
3031,19108,7,18,11
3032,24902,15,61,52
3033,18361,4,27,16
3034,15740,0,101,56
3035,19384,13,31,24
3036,8001,18,57,49
3037,7670,15,13,6
3038,10978,19,47,39
3039,7173,19,39,28
3040,23596,15,23,16
3041,10876,19,85,81
3042,6351,9,16,10
3043,24117,3,72,67
3044,7931,1,73,40
3045,13033,4,40,28
3046,14469,8,64,52
3047,18390,16,35,23
3048,16867,1,78,73
3049,16601,6,57,42
3050,11531,7,56,51
3051,18996,4,82,77
3052,20568,18,103,53
3053,16328,5,93,68
3054,22436,1,29,23
3055,5819,19,104,62
3056,14351,18,85,50
3057,19059,16,101,89
3058,6934,11,102,89
3059,13529,18,82,64
3060,15420,9,35,18
3061,16503,8,77,45
3062,12868,1,52,34
3063,14202,16,60,50
3064,10547,4,20,17
3065,16943,16,102,79
3066,12626,0,33,17
3067,7913,7,60,47
3068,6634,11,102,57
3069,20345,3,64,49
3070,17991,4,99,93
3071,9748,6,49,26
3072,10645,11,43,30
3073,21009,8,83,54
3074,15077,19,53,26
3075,7816,16,79,50
3076,12808,3,95,65
3077,23923,16,77,64
3078,23314,7,49,28
3079,22672,11,73,46
3080,23288,6,59,40
3081,22812,6,82,71
3082,9650,3,102,53
3083,9977,13,13,7
3084,19801,9,83,77
3085,9480,17,26,18
3086,5257,1,83,58
3087,13199,10,16,11
3088,16320,1,99,80
3089,18868,19,69,61
3090,16125,16,29,22
3091,18816,6,100,55
3092,24993,6,16,8
3093,21373,7,85,49
3094,20145,19,20,16
3095,19512,14,20,13
3096,23121,1,79,65
3097,24767,11,53,40
3098,16617,7,37,29
3099,21026,11,33,23
3100,8324,14,28,14
3101,8405,18,63,54
3102,22732,16,20,12
3103,20109,13,63,46
3104,19215,17,64,59
3105,8350,18,94,67
3106,15580,4,10,5
3107,14819,16,15,10
3108,22758,12,38,24
3109,23317,6,36,19
3110,21503,9,91,76
3111,12562,17,70,67
3112,11230,5,40,23
3113,16503,0,88,55
3114,9497,5,104,94
3115,20934,13,100,94
3116,15307,0,43,31
3117,5025,15,19,12
3118,21615,4,14,11
3119,13996,19,65,36
3120,16258,14,78,72
3121,8302,1,18,9
3122,24068,12,108,103
3123,22640,10,42,28
3124,20183,10,45,22
3125,10844,9,33,29
3126,15678,8,64,54
3127,12542,11,107,55
3128,17087,15,75,71
3129,19878,13,93,67
3130,19329,5,81,57
3131,23972,18,90,79
3132,7918,15,50,43
3133,18634,16,22,17
3134,22065,7,57,44
3135,18637,5,70,54
3136,20537,13,13,9
3137,24836,19,17,11
3138,14964,19,23,16
3139,20615,19,96,59
3140,21204,11,42,27
3141,13520,15,42,25
3142,11053,9,89,65
3143,9181,9,100,79
3144,15444,11,70,44
3145,8139,1,70,52
3146,8961,6,35,23
3147,18076,11,47,41
3148,19405,13,35,21
3149,8178,8,89,71
3150,14964,2,101,76
3151,7889,15,26,20
3152,24564,18,61,44
3153,24608,2,24,18
3154,20236,15,40,27
3155,9800,16,33,27
3156,6141,13,71,54
3157,9459,5,94,64
3158,22380,19,44,23
3159,22029,19,36,26
3160,17885,17,47,27
3161,20070,17,54,29
3162,18937,5,50,33
3163,20686,0,16,12
3164,16489,15,17,10
3165,24119,7,79,71
3166,21880,12,55,38
3167,13719,5,65,34
3168,7284,8,82,70
3169,22530,3,45,25
3170,11788,9,66,59
3171,16083,12,69,54
3172,10899,12,74,60
3173,8995,7,98,62
3174,18907,19,92,65
3175,11120,8,103,53
3176,9755,0,21,13
3177,5048,0,93,47
3178,7817,6,90,64
3179,19834,4,83,77
3180,23200,12,20,16
3181,7579,7,67,51
3182,16763,18,33,16
3183,10558,6,104,85
3184,11991,0,44,32
3185,16875,12,89,65
3186,24532,4,32,27
3187,12264,16,100,96
3188,17204,18,89,53
3189,5634,0,68,63
3190,16122,9,29,21
3191,11365,17,57,47
3192,10828,4,100,93
3193,15359,11,23,18
3194,10834,12,104,80
3195,20865,4,86,51
3196,17396,10,21,11
3197,24029,10,31,19
3198,11390,7,73,54
3199,17864,11,93,78
3200,9631,17,56,50
3201,9753,5,49,41
3202,12261,9,20,17
3203,7400,8,102,54
3204,17282,13,30,25
3205,12495,17,13,8
3206,22058,16,15,7
3207,6924,2,26,18
3208,17714,19,68,55
3209,5788,18,20,11
3210,22034,16,50,28
3211,20289,7,84,44
3212,5475,14,34,28
3213,16957,4,42,26
3214,17122,5,13,6
3215,22644,19,14,9
3216,14890,8,33,23
3217,5806,18,104,84
3218,23485,4,45,30
3219,5297,7,12,6
3220,16732,5,64,59
3221,24138,17,50,40
3222,5449,9,59,55
3223,20133,2,46,32
3224,15404,3,69,42
3225,15056,5,96,64
3226,16523,9,94,54
3227,16092,6,93,48
3228,13423,11,104,57
3229,23387,11,32,19
3230,15685,9,39,31
3231,7490,3,34,21
3232,16858,1,106,72
3233,18152,2,26,23
3234,24542,4,44,34
3235,22981,6,72,57
3236,11970,7,59,31
3237,14836,5,54,44
3238,14681,12,55,44
3239,13104,10,57,32
3240,17850,4,104,79
3241,16282,15,68,53
3242,9019,12,47,38
3243,18001,13,73,42
3244,6999,18,52,39
3245,13016,5,58,31
3246,17353,14,82,62
3247,7635,18,32,21
3248,20462,15,13,7
3249,16201,6,67,43
3250,20903,6,79,75
3251,14531,12,68,58
3252,5876,3,43,35
3253,22219,5,40,26
3254,15065,0,109,90
3255,5774,17,96,57
3256,15932,19,39,29
3257,20250,0,47,23
3258,10628,9,32,25
3259,8672,19,96,58
3260,11899,3,41,20
3261,18258,6,82,46
3262,8141,5,30,23
3263,11749,18,42,29
3264,6246,15,73,50
3265,22480,17,31,23
3266,9400,1,71,37
3267,24203,2,55,36
3268,12466,16,73,67
3269,7376,16,18,11
3270,24201,14,47,24
3271,15677,16,25,21
3272,21618,8,92,78
3273,14992,9,24,18
3274,21925,15,19,14
3275,19433,5,59,37
3276,8475,13,103,57
3277,18858,3,85,67
3278,20625,14,72,49
3279,6234,8,80,45
3280,22819,5,66,42
3281,11325,16,34,20
3282,23121,6,69,49
3283,24797,4,28,23
3284,7068,16,67,49
3285,16676,11,71,65
3286,9193,6,107,63
3287,17823,3,102,66
3288,14108,15,49,26
3289,23580,10,33,18
3290,22494,7,51,30
3291,5996,7,64,59
3292,19128,13,34,18
3293,13761,8,108,97
3294,17557,0,22,16
3295,10544,19,84,54
3296,21027,16,21,10
3297,5776,19,65,59
3298,9106,17,95,78
3299,19769,10,66,47
3300,23763,4,107,57
3301,12742,10,39,21
3302,7481,7,36,28
3303,13587,13,78,48
3304,7707,15,36,23
3305,14590,11,57,42
3306,18543,0,45,31
3307,22377,12,69,48
3308,15792,2,38,27
3309,22006,12,82,61
3310,13561,12,82,77
3311,21545,17,59,49
3312,10120,17,24,16
3313,10794,13,106,101
3314,22363,9,107,60
3315,16256,7,70,46
3316,7381,14,35,25
3317,12694,16,95,78
3318,13177,5,46,30
3319,6872,19,53,48
3320,6957,16,12,6
3321,9015,3,24,17
3322,12377,11,15,9
3323,5728,13,96,78
3324,9157,9,91,82
3325,5609,4,11,5
3326,7869,18,106,87
3327,12420,15,34,17
3328,13744,12,44,23
3329,13737,7,23,12
3330,18092,19,16,12
3331,5360,11,93,47
3332,10884,14,89,76
3333,13652,6,21,17
3334,26482,2,41,20
3335,28999,8,48,24
3336,16921,13,42,21
3337,10240,11,49,24
3338,24845,19,40,20
3339,11775,18,38,19
3340,15324,8,46,23
3341,18153,5,34,17
3342,15678,6,31,15
3343,15794,6,38,19
3344,28057,5,56,28
3345,28525,10,43,21
3346,14793,16,43,21
3347,19446,17,42,21
3348,29588,0,55,27
3349,28561,5,44,22
3350,25230,15,10,5
3351,23701,3,21,10
3352,23597,17,32,16
3353,13012,10,58,29
3354,19560,11,31,15
3355,27520,6,12,6
3356,25936,14,29,14
3357,12702,18,26,13
3358,18839,17,29,14
3359,22806,14,34,17
3360,21738,14,22,11
3361,18411,9,31,15
3362,27878,5,31,15
3363,23710,10,42,21
3364,11971,2,31,15
3365,25243,0,12,6
3366,28399,6,11,5
3367,17062,4,17,8
3368,23794,14,54,27
3369,24610,3,22,11
3370,28546,2,23,11
3371,22943,16,42,21
3372,20051,17,41,20
3373,25487,15,52,26
3374,23597,15,52,26
3375,19069,18,44,22
3376,20509,11,21,10
3377,25411,1,51,25
3378,17727,18,48,24
3379,20600,6,23,11
3380,25209,2,50,25
3381,23353,18,11,5
3382,24333,3,59,29
3383,26849,3,59,29
3384,21268,15,59,29
3385,10164,11,15,7
3386,28350,14,10,5
3387,10283,3,54,27
3388,23517,2,12,6
3389,13394,10,30,15
3390,27595,17,29,14
3391,26911,4,47,23
3392,21202,16,21,10
3393,15155,4,15,7
3394,22054,15,46,23
3395,25891,12,56,28
3396,27419,18,56,28
3397,21261,17,52,26
3398,10404,9,16,8
3399,24943,13,49,24
3400,24034,16,59,29
3401,21399,1,14,7
3402,29661,19,26,13
3403,19412,15,32,16
3404,29090,8,31,15
3405,14584,5,33,16
3406,12792,10,51,25
3407,29939,14,59,29
3408,22723,1,58,29
3409,18100,6,38,19
3410,23053,10,41,20
3411,18079,8,48,24
3412,12656,19,10,5
3413,18075,3,10,5
3414,22571,3,55,27
3415,29879,7,12,6
3416,14119,1,18,9
3417,29430,17,23,11
3418,20769,17,36,18
3419,29386,9,59,29
3420,22487,2,30,15
3421,24247,4,51,25
3422,17632,9,49,24
3423,29329,4,48,24
3424,25136,9,37,18
3425,14244,18,50,25
3426,17093,7,48,24
3427,16715,14,31,15
3428,15804,0,19,9
3429,24647,12,25,12
3430,17597,6,36,18
3431,20992,3,56,28
3432,28019,8,45,22
3433,29245,18,47,23
3434,13866,11,17,8
3435,11932,13,11,5
3436,19988,16,30,15
3437,29921,14,23,11
3438,23979,14,25,12
3439,21615,1,15,7
3440,29046,15,56,28
3441,22108,8,39,19
3442,14912,10,32,16
3443,13479,11,57,28
3444,11237,12,49,24
3445,20276,10,20,10
3446,13683,0,57,28
3447,10034,9,50,25
3448,16082,17,51,25
3449,26006,8,31,15
3450,10619,5,59,29
3451,11322,10,17,8
3452,23564,1,16,8
3453,27209,16,40,20
3454,14690,1,37,18
3455,13158,14,53,26
3456,21042,16,37,18
3457,28761,11,41,20
3458,18383,7,56,28
3459,19346,18,44,22
3460,10449,19,36,18
3461,22117,11,56,28
3462,24487,18,16,8
3463,28115,1,56,28
3464,23667,9,23,11
3465,15566,5,18,9
3466,17589,13,23,11
3467,25299,17,21,10
3468,28693,4,28,14
3469,18404,16,15,7
3470,21520,16,45,22
3471,28045,9,58,29
3472,12770,10,43,21
3473,11766,8,34,17
3474,14756,8,47,23
3475,26284,16,31,15
3476,13030,5,23,11
3477,10878,5,34,17
3478,14258,6,38,19
3479,14733,3,29,14
3480,29793,14,28,14
3481,12655,19,42,21
3482,22713,4,50,25
3483,24279,8,26,13
3484,18309,10,52,26
3485,23685,7,40,20
3486,29694,12,12,6
3487,17243,2,10,5
3488,15267,9,18,9
3489,28239,0,23,11
3490,21936,18,49,24
3491,21493,14,28,14
3492,12231,5,25,12
3493,26915,12,52,26
3494,28717,1,24,12
3495,26662,12,59,29
3496,27820,3,46,23
3497,10150,3,41,20
3498,21353,13,11,5
3499,11668,4,43,21
3500,26898,6,36,18
3501,25855,18,12,6
3502,28117,8,20,10
3503,22184,0,53,26
3504,14451,5,56,28
3505,25375,9,45,22
3506,25509,7,28,14
3507,25387,18,37,18
3508,11452,6,48,24
3509,22263,11,32,16
3510,18802,1,19,9
3511,26373,11,51,25
3512,22049,1,28,14
3513,24830,15,52,26
3514,21415,12,27,13
3515,11643,10,21,10
3516,13680,6,44,22
3517,29029,7,51,25
3518,20671,15,58,29
3519,18636,12,28,14
3520,22287,13,50,25
3521,20386,13,45,22
3522,17620,16,57,28
3523,25743,5,35,17
3524,29290,16,11,5
3525,20893,2,48,24
3526,22779,18,15,7
3527,22035,4,11,5
3528,15788,7,12,6
3529,20003,8,54,27
3530,10707,19,15,7
3531,12571,9,38,19
3532,12726,8,23,11
3533,28652,12,41,20
3534,16550,18,21,10
3535,27069,3,10,5
3536,11093,13,50,25
3537,22515,16,20,10
3538,16590,11,31,15
3539,10208,17,18,9
3540,23894,15,58,29
3541,14426,15,43,21
3542,21761,0,45,22
3543,11767,5,13,6
3544,10140,17,57,28
3545,17087,3,41,20
3546,23024,11,59,29
3547,10724,17,29,14
3548,24153,6,57,28
3549,18727,13,32,16
3550,24338,14,14,7
3551,11413,15,45,22
3552,22050,15,21,10
3553,24877,9,35,17
3554,11654,17,58,29
3555,18717,4,43,21
3556,16229,2,43,21
3557,29296,12,19,9
3558,16350,10,53,26
3559,22263,9,27,13
3560,21790,17,17,8
3561,19039,14,59,29
3562,22783,12,58,29
3563,22405,16,14,7
3564,27150,15,53,26
3565,22633,9,21,10
3566,13005,9,31,15
3567,10697,6,59,29
3568,15316,17,45,22
3569,28045,9,55,27
3570,26605,5,34,17
3571,28773,6,59,29
3572,26557,12,55,27
3573,14563,3,40,20
3574,21002,8,35,17
3575,16157,7,29,14
3576,11839,11,26,13
3577,10605,12,23,11
3578,10049,19,55,27
3579,25550,12,47,23
3580,27979,8,51,25
3581,29958,2,18,9
3582,19297,13,38,19
3583,14737,12,47,23
3584,23688,12,53,26
3585,24813,17,44,22
3586,13843,5,48,24
3587,15322,1,12,6
3588,21924,5,11,5
3589,27926,0,18,9
3590,22016,5,15,7
3591,23951,10,16,8
3592,10253,3,30,15
3593,14454,0,16,8
3594,22073,6,41,20
3595,20621,5,54,27
3596,18214,19,14,7
3597,27281,7,54,27
3598,17336,9,17,8
3599,17222,16,48,24
3600,29980,5,53,26
3601,10026,19,15,7
3602,14316,15,41,20
3603,27161,0,36,18
3604,19840,5,49,24
3605,14734,18,42,21
3606,15802,8,50,25
3607,12820,7,51,25
3608,11670,5,12,6
3609,19301,1,16,8
3610,11335,15,41,20
3611,12052,7,56,28
3612,12915,13,46,23
3613,22014,4,44,22
3614,22554,3,24,12
3615,13758,7,53,26
3616,11885,3,40,20
3617,22942,16,18,9
3618,20551,9,15,7
3619,27106,14,47,23
3620,22356,2,59,29
3621,13965,13,53,26
3622,11632,2,17,8
3623,17365,0,55,27
3624,10727,19,12,6
3625,18885,16,36,18
3626,18316,15,26,13
3627,18096,17,13,6
3628,25577,12,47,23
3629,21504,5,39,19
3630,20434,8,14,7
3631,16561,2,44,22
3632,23609,2,29,14
3633,17029,14,46,23
3634,16215,10,52,26
3635,10485,7,49,24
3636,25800,13,41,20
3637,18487,7,28,14
3638,13468,2,23,11
3639,11832,10,38,19
3640,14477,2,43,21
3641,12579,15,17,8
3642,16779,8,13,6
3643,12050,14,50,25
3644,22429,9,25,12
3645,24811,8,23,11
3646,21288,16,53,26
3647,15031,12,15,7
3648,17854,17,58,29
3649,28251,15,51,25
3650,29582,7,53,26
3651,16658,2,24,12
3652,16513,13,20,10
3653,16592,3,31,15
3654,10647,14,38,19
3655,16133,15,58,29
3656,21879,17,27,13
3657,28296,18,23,11
3658,28198,17,20,10
3659,15849,11,21,10
3660,16516,18,30,15
3661,22131,15,47,23
3662,20423,0,38,19
3663,13958,0,56,28
3664,10455,7,20,10
3665,14908,11,12,6
3666,26972,11,31,15
3667,27959,19,45,22
3668,10756,2,41,20
3669,16379,4,14,7
3670,13980,7,48,24
3671,22533,16,48,24
3672,11633,19,17,8
3673,20194,1,34,17
3674,19548,4,55,27
3675,17605,13,55,27
3676,15027,16,57,28
3677,26378,15,37,18
3678,12536,6,55,27
3679,27607,2,13,6
3680,14725,9,38,19
3681,20162,5,13,6
3682,23507,17,22,11
3683,12581,2,10,5
3684,27318,6,31,15
3685,20187,5,15,7
3686,19427,5,27,13
3687,24317,11,17,8
3688,28168,4,36,18
3689,29307,7,53,26
3690,11729,6,14,7
3691,12533,7,17,8
3692,18594,5,43,21
3693,10340,1,33,16
3694,17604,9,20,10
3695,27009,10,57,28
3696,27715,13,14,7
3697,15657,18,59,29
3698,21061,5,34,17
3699,16795,5,17,8
3700,19966,2,35,17
3701,25045,12,51,25
3702,12582,14,34,17
3703,13399,5,17,8
3704,14540,19,23,11
3705,19295,12,27,13
3706,29477,12,43,21
3707,20648,5,22,11
3708,18532,6,36,18
3709,17365,11,35,17
3710,19893,11,14,7
3711,18652,6,48,24
3712,26607,3,13,6
3713,22956,15,16,8
3714,21380,10,41,20
3715,15800,9,35,17
3716,23872,1,24,12
3717,25578,5,36,18
3718,16063,10,45,22
3719,22680,0,16,8
3720,14664,4,28,14
3721,12249,3,20,10
3722,12569,18,42,21
3723,29678,2,34,17
3724,29199,9,45,22
3725,22577,19,44,22
3726,28340,9,50,25
3727,17246,12,37,18
3728,13607,15,16,8
3729,16552,14,24,12
3730,17279,8,25,12
3731,13819,4,44,22
3732,24738,10,38,19
3733,26112,19,27,13
3734,22022,9,33,16
3735,18313,0,10,5
3736,19019,15,16,8
3737,12629,19,26,13
3738,21137,13,59,29
3739,20279,17,33,16
3740,13946,2,10,5
3741,23722,10,23,11
3742,27179,11,43,21
3743,12832,8,30,15
3744,11240,16,23,11
3745,19704,0,38,19
3746,18763,14,31,15
3747,22918,11,46,23
3748,25066,6,53,26
3749,14810,10,53,26
3750,19127,2,21,10
3751,10450,17,18,9
3752,16418,2,45,22
3753,20959,17,56,28
3754,14796,11,48,24
3755,23827,2,48,24
3756,21880,17,35,17
3757,29397,1,15,7
3758,21347,10,59,29
3759,14585,5,41,20
3760,24624,14,54,27
3761,18806,19,29,14
3762,15254,12,32,16
3763,22166,12,57,28
3764,23389,19,35,17
3765,19482,1,32,16
3766,21929,17,24,12
3767,12953,15,15,7
3768,29563,2,42,21
3769,28930,11,34,17
3770,23917,14,39,19
3771,22511,10,22,11
3772,25089,10,46,23
3773,10980,6,37,18
3774,21958,16,11,5
3775,22720,8,45,22
3776,21724,15,10,5
3777,27360,1,12,6
3778,14388,14,58,29
3779,13611,0,20,10
3780,29921,9,28,14
3781,19365,16,58,29
3782,29911,5,50,25
3783,26278,11,58,29
3784,15042,1,29,14
3785,24649,6,22,11
3786,23604,14,11,5
3787,11133,17,56,28
3788,25769,15,31,15
3789,20684,7,28,14
3790,27389,0,51,25
3791,12685,18,46,23
3792,24458,8,19,9
3793,23663,11,38,19
3794,20374,10,14,7
3795,29573,13,44,22
3796,25562,7,18,9
3797,18335,2,50,25
3798,24186,17,57,28
3799,17569,16,48,24
3800,12838,4,56,28
3801,21759,7,19,9
3802,17829,11,37,18
3803,23212,7,19,9
3804,16070,0,28,14
3805,20223,9,55,27
3806,21427,16,32,16
3807,26488,2,14,7
3808,23608,5,10,5
3809,14880,1,56,28
3810,16077,8,39,19
3811,27780,5,17,8
3812,27536,9,14,7
3813,17321,15,50,25
3814,21900,6,49,24
3815,17522,10,55,27
3816,22548,14,35,17
3817,17330,5,34,17
3818,20703,16,36,18
3819,11434,7,59,29
3820,25453,13,11,5
3821,27858,17,46,23
3822,20559,13,21,10
3823,26360,7,30,15
3824,17506,16,36,18
3825,15311,7,23,11
3826,28011,12,25,12
3827,25158,0,40,20
3828,15942,7,19,9
3829,13097,6,53,26
3830,14502,2,27,13
3831,22719,11,14,7
3832,25529,10,55,27
3833,23243,16,30,15
3834,13092,4,23,11
3835,16200,12,29,14
3836,14517,10,34,17
3837,13911,5,15,7
3838,29917,15,56,28
3839,27556,9,11,5
3840,11174,5,21,10
3841,28054,17,56,28
3842,18688,9,29,14
3843,14028,13,36,18
3844,28228,16,16,8
3845,25025,3,30,15
3846,13505,14,59,29
3847,24944,10,11,5
3848,23332,16,48,24
3849,17687,7,36,18
3850,14455,16,53,26
3851,23030,18,56,28
3852,10417,9,42,21
3853,10563,3,54,27
3854,16484,15,36,18
3855,14356,12,15,7
3856,26882,7,59,29
3857,28529,9,54,27
3858,14272,8,42,21
3859,13333,12,46,23
3860,15661,7,16,8
3861,22421,13,52,26
3862,20920,4,38,19
3863,24909,2,27,13
3864,22241,15,45,22
3865,19904,6,14,7
3866,18968,5,42,21
3867,11842,5,39,19
3868,24409,18,11,5
3869,17033,16,56,28
3870,24304,19,24,12
3871,27072,14,40,20
3872,29907,19,55,27
3873,28284,9,21,10
3874,21339,6,24,12
3875,20608,8,10,5
3876,19816,16,34,17
3877,22985,4,29,14
3878,29667,13,13,6
3879,17629,14,48,24
3880,27070,15,16,8
3881,16371,19,32,16
3882,26600,13,31,15
3883,24220,0,14,7
3884,10337,17,24,12
3885,20476,17,34,17
3886,25897,18,43,21
3887,16895,5,22,11
3888,27831,8,14,7
3889,21266,1,51,25
3890,22402,13,43,21
3891,28076,18,32,16
3892,21466,3,44,22
3893,24192,15,29,14
3894,14876,11,16,8
3895,26952,7,23,11
3896,28808,16,22,11
3897,10683,12,58,29
3898,18379,7,51,25
3899,22547,14,46,23
3900,19262,9,22,11
3901,15407,13,44,22
3902,20088,2,38,19
3903,14568,1,41,20
3904,23564,4,33,16
3905,16206,4,17,8
3906,23944,18,15,7
3907,28635,7,46,23
3908,12393,10,54,27
3909,14525,6,12,6
3910,26844,18,23,11
3911,17910,7,46,23
3912,16110,0,48,24
3913,29155,6,42,21
3914,13728,17,47,23
3915,16376,16,47,23
3916,16167,2,46,23
3917,16759,16,58,29
3918,25000,4,36,18
3919,11411,17,20,10
3920,27534,16,56,28
3921,12077,10,58,29
3922,28541,2,41,20
3923,24234,4,32,16
3924,26234,3,50,25
3925,13541,16,29,14
3926,22846,10,40,20
3927,17549,12,46,23
3928,13788,3,37,18
3929,14232,14,27,13
3930,26250,17,38,19
3931,29721,0,14,7
3932,21265,7,33,16
3933,29191,7,36,18
3934,29026,16,54,27
3935,24280,6,11,5
3936,22139,19,15,7
3937,29257,6,31,15
3938,12083,17,30,15
3939,24121,12,22,11
3940,24466,3,56,28
3941,27834,1,51,25
3942,15930,6,16,8
3943,29077,13,15,7
3944,10944,6,25,12
3945,15875,19,46,23
3946,19785,16,19,9
3947,13895,11,11,5
3948,25458,8,38,19
3949,13234,2,29,14
3950,26735,7,13,6
3951,26573,9,18,9
3952,22065,5,16,8
3953,26015,1,30,15
3954,17596,6,18,9
3955,29288,0,11,5
3956,22520,18,26,13
3957,28064,12,39,19
3958,23243,9,38,19
3959,17206,14,27,13
3960,18055,11,31,15
3961,29458,1,11,5
3962,13504,10,54,27
3963,24912,6,14,7
3964,28062,0,30,15
3965,10956,16,13,6
3966,22841,18,47,23
3967,15051,12,14,7
3968,10669,5,54,27
3969,11369,8,59,29
3970,12138,19,31,15
3971,17687,9,17,8
3972,14064,1,23,11
3973,23354,17,41,20
3974,21256,8,30,15
3975,27831,12,20,10
3976,15840,6,15,7
3977,23215,11,27,13
3978,19824,12,56,28
3979,13796,0,59,29
3980,22508,7,22,11
3981,20840,8,31,15
3982,12489,7,23,11
3983,20041,5,35,17
3984,17998,6,31,15
3985,19972,2,31,15
3986,27533,6,25,12
3987,19332,13,27,13
3988,23936,10,40,20
3989,23693,15,30,15
3990,13901,2,54,27
3991,25280,0,22,11
3992,18935,10,50,25
3993,28870,17,49,24
3994,16795,16,25,12
3995,28754,9,45,22
3996,18192,8,36,18
3997,15322,19,53,26
3998,17673,4,57,28
3999,10495,17,52,26
4000,24335,5,49,24
4001,14858,18,34,17
4002,18391,1,32,16
4003,21328,14,48,24
4004,14863,17,48,24
4005,10107,14,58,29
4006,17523,17,36,18
4007,21272,12,44,22
4008,18778,7,18,9
4009,22466,17,57,28
4010,23841,15,56,28
4011,21259,3,24,12
4012,15329,19,45,22
4013,27221,14,15,7
4014,13635,5,23,11
4015,27203,17,12,6
4016,29263,8,51,25
4017,29175,3,15,7
4018,23898,7,27,13
4019,13754,8,12,6
4020,27808,9,55,27
4021,17896,13,57,28
4022,15762,19,58,29
4023,22406,1,59,29
4024,14327,8,30,15
4025,25167,5,51,25
4026,24709,6,24,12
4027,22238,19,59,29
4028,24180,7,35,17
4029,18445,8,39,19
4030,26367,14,11,5
4031,20846,19,22,11
4032,26411,7,36,18
4033,17959,7,27,13
4034,28519,5,35,17
4035,29217,17,53,26
4036,15385,7,45,22
4037,27352,9,38,19
4038,12006,1,48,24
4039,28499,8,36,18
4040,26010,9,51,25
4041,29369,18,42,21
4042,11720,11,24,12
4043,16697,12,51,25
4044,16766,0,32,16
4045,26197,1,18,9
4046,17415,1,12,6
4047,10007,12,16,8
4048,20545,2,24,12
4049,16789,15,53,26
4050,26288,2,58,29
4051,14117,0,12,6
4052,19169,5,52,26
4053,10701,18,20,10
4054,23494,17,54,27
4055,14054,8,35,17
4056,26770,1,18,9
4057,23466,14,19,9
4058,29707,13,49,24
4059,12237,2,43,21
4060,26037,9,58,29
4061,22017,10,45,22
4062,29606,19,55,27
4063,12374,7,32,16
4064,21455,8,40,20
4065,25501,12,22,11
4066,16582,5,32,16
4067,11909,8,53,26
4068,15933,15,21,10
4069,18829,16,43,21
4070,20909,8,49,24
4071,16070,5,26,13
4072,14828,17,21,10
4073,27855,17,56,28
4074,13936,18,14,7
4075,11465,0,11,5
4076,14991,14,19,9
4077,13413,19,49,24
4078,11587,19,31,15
4079,24065,19,55,27
4080,22289,5,33,16
4081,22906,16,45,22
4082,19643,6,26,13
4083,14465,5,21,10
4084,10642,8,17,8
4085,18457,2,58,29
4086,14068,15,15,7
4087,29595,18,24,12
4088,27510,15,47,23
4089,12051,3,16,8
4090,16537,19,35,17
4091,23837,2,16,8
4092,23488,14,35,17
4093,23347,11,57,28
4094,22314,0,34,17
4095,27665,0,14,7
4096,27685,19,46,23
4097,18056,0,24,12
4098,19808,4,21,10
4099,14584,2,39,19
4100,16005,16,42,21
4101,10454,16,25,12
4102,25588,17,47,23
4103,10636,3,54,27
4104,20700,6,30,15
4105,26945,3,25,12
4106,19590,11,43,21
4107,14168,2,56,28
4108,15455,12,38,19
4109,22815,17,51,25
4110,24227,14,42,21
4111,23965,6,31,15
4112,23050,0,29,14
4113,14754,10,34,17
4114,10182,7,29,14
4115,24875,15,53,26
4116,19996,19,46,23
4117,25543,18,22,11
4118,27816,18,11,5
4119,16832,19,36,18
4120,24142,7,58,29
4121,17125,12,48,24
4122,23674,14,14,7
4123,17866,9,44,22
4124,24832,1,48,24
4125,17245,2,18,9
4126,26071,5,28,14
4127,18748,0,39,19
4128,28379,17,34,17
4129,24099,8,52,26
4130,26528,18,56,28
4131,25047,0,29,14
4132,28382,16,10,5
4133,26127,1,11,5
4134,24808,17,20,10
4135,16384,10,16,8
4136,24503,5,34,17
4137,16011,16,52,26
4138,21142,18,15,7
4139,27489,10,26,13
4140,14106,0,56,28
4141,22017,4,28,14
4142,11601,19,53,26
4143,23335,1,17,8
4144,17239,7,30,15
4145,21704,2,45,22
4146,13471,13,21,10
4147,26558,19,40,20
4148,18190,10,23,11
4149,10578,8,45,22
4150,16494,14,38,19
4151,28531,10,40,20
4152,20965,15,35,17
4153,14205,11,46,23
4154,23004,12,44,22
4155,27918,1,54,27
4156,14530,16,46,23
4157,11293,15,19,9
4158,24090,1,10,5
4159,11219,17,17,8
4160,22332,5,54,27
4161,11595,11,58,29
4162,17907,11,31,15
4163,16702,13,40,20
4164,21939,10,34,17
4165,16052,3,55,27
4166,28628,3,55,27
4167,22368,17,31,15
4168,14247,9,18,9
4169,22248,15,17,8
4170,13772,19,16,8
4171,13729,16,24,12
4172,12877,12,45,22
4173,13894,2,35,17
4174,24731,2,57,28
4175,27578,16,25,12
4176,24678,7,32,16
4177,15272,8,44,22
4178,21712,12,35,17
4179,16438,16,56,28
4180,13202,9,49,24
4181,19640,1,49,24
4182,27474,18,17,8
4183,15342,13,26,13
4184,28457,18,26,13
4185,23383,13,21,10
4186,21705,3,11,5
4187,18952,9,53,26
4188,19313,1,18,9
4189,21966,10,10,5
4190,22206,9,53,26
4191,24850,8,24,12
4192,11571,7,39,19
4193,26235,6,12,6
4194,19877,7,28,14
4195,17639,9,41,20
4196,13008,5,18,9
4197,12226,7,36,18
4198,24676,5,10,5
4199,23814,14,32,16
4200,24889,14,21,10
4201,10293,0,26,13
4202,13204,15,48,24
4203,21811,17,50,25
4204,24676,2,16,8
4205,20842,4,49,24
4206,20364,10,39,19
4207,21364,14,26,13
4208,12833,7,59,29
4209,17440,11,45,22
4210,19398,0,12,6
4211,21520,2,57,28
4212,22580,16,55,27
4213,13973,10,55,27
4214,16705,3,39,19
4215,28847,14,46,23
4216,14373,17,17,8
4217,10543,17,33,16
4218,11438,18,47,23
4219,14545,1,40,20
4220,18426,9,36,18
4221,11436,19,51,25
4222,23375,4,42,21
4223,16021,16,51,25
4224,20846,12,55,27
4225,27345,8,43,21
4226,18050,11,29,14
4227,27408,0,16,8
4228,21698,10,31,15
4229,25620,3,57,28
4230,29700,16,59,29
4231,20495,7,12,6
4232,25465,5,50,25
4233,12974,8,13,6
4234,22745,9,53,26
4235,19347,4,26,13
4236,20650,4,47,23
4237,27849,3,58,29
4238,10640,16,10,5
4239,23375,16,26,13
4240,23574,11,29,14
4241,12202,15,17,8
4242,14668,14,34,17
4243,26376,13,59,29
4244,18145,15,13,6
4245,17539,13,37,18
4246,23334,0,17,8
4247,27344,6,35,17
4248,22341,11,10,5
4249,28672,17,50,25
4250,14199,17,44,22
4251,25607,14,43,21
4252,10633,16,40,20
4253,23475,2,40,20
4254,22650,11,52,26
4255,23928,19,16,8
4256,25304,0,27,13
4257,23015,2,28,14
4258,20950,1,44,22
4259,28949,15,14,7
4260,25941,6,13,6
4261,24998,5,40,20
4262,24449,19,43,21
4263,12728,17,45,22
4264,22548,1,27,13
4265,13391,3,50,25
4266,26088,12,15,7
4267,13470,5,36,18
4268,19660,7,36,18
4269,13759,5,57,28
4270,15412,3,46,23
4271,13928,14,15,7
4272,18960,8,40,20
4273,18146,13,12,6
4274,29968,0,56,28
4275,23128,2,40,20
4276,21156,10,29,14
4277,26239,3,21,10
4278,29454,19,43,21
4279,13646,1,11,5
4280,15605,12,59,29
4281,21478,13,35,17
4282,21007,17,54,27
4283,29638,7,19,9
4284,16169,19,47,23
4285,16256,15,29,14
4286,21193,2,24,12
4287,24151,7,23,11
4288,15356,1,14,7
4289,26681,3,41,20
4290,11628,11,23,11
4291,19281,8,52,26
4292,11444,7,46,23
4293,13780,15,40,20
4294,11942,12,33,16
4295,27259,15,33,16
4296,23604,3,26,13
4297,14483,12,18,9
4298,18381,2,12,6
4299,16719,9,43,21
4300,29077,3,40,20
4301,17705,8,38,19
4302,15011,4,22,11
4303,26331,0,19,9
4304,20731,18,35,17
4305,24262,5,12,6
4306,20988,8,57,28
4307,21854,12,51,25
4308,18826,1,32,16
4309,24262,17,38,19
4310,19619,18,20,10
4311,11973,18,18,9
4312,11904,5,29,14
4313,27231,10,42,21
4314,18211,0,55,27
4315,27785,16,17,8
4316,10054,4,11,5
4317,27085,10,14,7
4318,17131,17,17,8
4319,15053,9,25,12
4320,29736,17,20,10
4321,12932,16,49,24
4322,11377,4,57,28
4323,13344,6,52,26
4324,26540,2,57,28
4325,10426,6,30,15
4326,24607,12,27,13
4327,17013,3,54,27
4328,16807,2,42,21
4329,16278,12,31,15
4330,17524,6,36,18
4331,19810,3,58,29
4332,24274,4,30,15
4333,11841,11,20,10
4334,12969,19,41,20
4335,10980,17,24,12
4336,23298,4,40,20
4337,10416,6,41,20
4338,24093,9,27,13
4339,28886,15,32,16
4340,22111,19,58,29
4341,14803,1,17,8
4342,11027,17,55,27
4343,24017,14,21,10
4344,21748,5,40,20
4345,10181,7,59,29
4346,24736,8,57,28
4347,12460,2,13,6
4348,24941,3,56,28
4349,21336,7,18,9
4350,26249,11,40,20
4351,15064,9,20,10
4352,14919,12,10,5
4353,14628,1,15,7
4354,24401,0,28,14
4355,15775,14,45,22
4356,27528,3,15,7
4357,23220,11,21,10
4358,27513,18,19,9
4359,12609,15,49,24
4360,19799,2,14,7
4361,20630,14,51,25
4362,12104,9,15,7
4363,27700,7,38,19
4364,10254,2,54,27
4365,23973,9,23,11
4366,10131,0,56,28
4367,26847,15,46,23
4368,25843,2,20,10
4369,20124,17,37,18
4370,13919,11,31,15
4371,27419,4,21,10
4372,17678,6,11,5
4373,16162,1,28,14
4374,17929,6,57,28
4375,18830,10,20,10
4376,12284,9,33,16
4377,15989,5,34,17
4378,18703,12,58,29
4379,27339,3,38,19
4380,23434,2,39,19
4381,22236,14,41,20
4382,10609,13,24,12
4383,16562,15,26,13
4384,21669,9,12,6
4385,15732,13,23,11
4386,20120,11,41,20
4387,16777,14,48,24
4388,23509,14,28,14
4389,13983,16,46,23
4390,21279,3,54,27
4391,11389,4,46,23
4392,10322,8,59,29
4393,12685,3,52,26
4394,29430,1,12,6
4395,17121,5,33,16
4396,11030,17,42,21
4397,28112,16,51,25
4398,15884,14,41,20
4399,16776,16,29,14
4400,18041,8,52,26
4401,18120,5,58,29
4402,22029,11,53,26
4403,15081,14,13,6
4404,28323,12,36,18
4405,23151,7,14,7
4406,26834,15,20,10
4407,10807,19,11,5
4408,20100,16,55,27
4409,11082,4,35,17
4410,24319,0,47,23
4411,17796,17,24,12
4412,23592,16,15,7
4413,28757,19,12,6
4414,13230,2,21,10
4415,17945,10,20,10
4416,15374,0,23,11
4417,10866,8,12,6
4418,11025,17,12,6
4419,15803,5,10,5
4420,29822,7,44,22
4421,28885,7,42,21
4422,17565,3,36,18
4423,10916,6,53,26
4424,20386,4,23,11
4425,22679,14,38,19
4426,16554,3,15,7
4427,11875,10,58,29
4428,17621,12,27,13
4429,23166,2,49,24
4430,23616,1,55,27
4431,28155,16,46,23
4432,19360,7,58,29
4433,23598,19,31,15
4434,18581,19,18,9
4435,29213,1,27,13
4436,18508,18,10,5
4437,22806,1,44,22
4438,18521,16,52,26
4439,29738,16,47,23
4440,24088,10,30,15
4441,18593,11,42,21
4442,27866,8,52,26
4443,13840,0,20,10
4444,21203,17,22,11
4445,26815,7,57,28
4446,18924,3,40,20
4447,21223,7,58,29
4448,16206,10,30,15
4449,18807,15,18,9
4450,28041,19,44,22
4451,27696,11,29,14
4452,19216,6,14,7
4453,21972,6,24,12
4454,10591,17,47,23
4455,23633,4,53,26
4456,15957,16,44,22
4457,15282,12,38,19
4458,23280,12,59,29
4459,26905,9,40,20
4460,25560,17,31,15
4461,17803,5,23,11
4462,12347,15,52,26
4463,21044,1,14,7
4464,22932,11,43,21
4465,17578,6,44,22
4466,20449,9,54,27
4467,23698,13,27,13
4468,24818,16,45,22
4469,28244,9,27,13
4470,26378,6,20,10
4471,15426,11,22,11
4472,23716,0,44,22
4473,27542,18,33,16
4474,10446,16,50,25
4475,12557,14,57,28
4476,12537,4,52,26
4477,23286,12,54,27
4478,13911,4,13,6
4479,20633,18,20,10
4480,18352,18,31,15
4481,22594,18,28,14
4482,16972,4,29,14
4483,12868,5,43,21
4484,19735,10,44,22
4485,25655,7,22,11
4486,10290,10,18,9
4487,25058,11,34,17
4488,29237,2,27,13
4489,22904,12,40,20
4490,19924,7,38,19
4491,17404,10,51,25
4492,16426,2,24,12
4493,28852,12,32,16
4494,12586,18,37,18
4495,14638,9,27,13
4496,27457,11,28,14
4497,18650,11,23,11
4498,13310,7,14,7
4499,15397,7,16,8
4500,11299,14,53,26
4501,12355,13,46,23
4502,28849,5,20,10
4503,11418,10,44,22
4504,18996,18,20,10
4505,27524,2,51,25
4506,11717,17,13,6
4507,14806,5,16,8
4508,15619,11,12,6
4509,22391,19,25,12
4510,22524,0,49,24
4511,27723,19,24,12
4512,10274,4,30,15
4513,14637,16,22,11
4514,16102,8,25,12
4515,22644,1,42,21
4516,17630,1,15,7
4517,22970,13,15,7
4518,13249,6,33,16
4519,17713,0,30,15
4520,16464,18,28,14
4521,10213,7,20,10
4522,15297,12,49,24
4523,11178,10,30,15
4524,23480,5,21,10
4525,22227,7,58,29
4526,14712,15,23,11
4527,29991,10,31,15
4528,22867,7,17,8
4529,25400,13,14,7
4530,20183,3,56,28
4531,14705,6,17,8
4532,19019,12,43,21
4533,15873,4,41,20
4534,16315,9,52,26
4535,25327,19,21,10
4536,14228,6,41,20
4537,18536,11,58,29
4538,10251,5,10,5
4539,17896,0,50,25
4540,11999,12,20,10
4541,10301,12,56,28
4542,22694,17,16,8
4543,12857,18,23,11
4544,28367,5,40,20
4545,24661,17,26,13
4546,14883,19,40,20
4547,16059,6,49,24
4548,23473,5,47,23
4549,21530,3,12,6
4550,11768,17,11,5
4551,28604,8,24,12
4552,15600,19,14,7
4553,29911,4,20,10
4554,11204,15,28,14
4555,20767,3,22,11
4556,12270,0,29,14
4557,27398,5,38,19
4558,28881,13,16,8
4559,11193,18,41,20
4560,11318,19,36,18
4561,27360,17,35,17
4562,14746,9,14,7
4563,22194,10,41,20
4564,24149,6,21,10
4565,22569,17,31,15
4566,17619,5,10,5
4567,19070,6,53,26
4568,28849,2,37,18
4569,22653,4,10,5
4570,13134,10,45,22
4571,22398,8,49,24
4572,28921,8,26,13
4573,20355,0,39,19
4574,16642,12,51,25
4575,15903,14,11,5
4576,20707,9,30,15
4577,10901,19,23,11
4578,13646,5,40,20
4579,11701,5,22,11
4580,28573,8,18,9
4581,25457,11,40,20
4582,20708,6,16,8
4583,24189,10,38,19
4584,22243,13,58,29
4585,18760,4,30,15
4586,28105,17,12,6
4587,20437,11,13,6
4588,14391,0,32,16
4589,19912,4,11,5
4590,29217,9,18,9
4591,24706,13,46,23
4592,25462,12,54,27
4593,29935,11,51,25
4594,28529,11,50,25
4595,18437,4,25,12
4596,13678,4,54,27
4597,18007,18,17,8
4598,17253,14,42,21
4599,12993,5,25,12
4600,19221,2,11,5
4601,19905,6,48,24
4602,25816,7,17,8
4603,16820,0,23,11
4604,27388,7,28,14
4605,19207,13,27,13
4606,29530,4,24,12
4607,16985,8,28,14
4608,28107,10,54,27
4609,16010,7,23,11
4610,10068,18,21,10
4611,18303,12,33,16
4612,22830,4,35,17
4613,12669,0,18,9
4614,15024,13,39,19
4615,24433,0,18,9
4616,10964,13,36,18
4617,24884,15,52,26
4618,23644,16,56,28
4619,24843,6,40,20
4620,17983,13,38,19
4621,26389,3,47,23
4622,15061,15,10,5
4623,22428,1,28,14
4624,27583,14,48,24
4625,24065,14,56,28
4626,17353,18,32,16
4627,25317,10,35,17
4628,17185,14,55,27
4629,18951,18,28,14
4630,10557,3,19,9
4631,27221,14,16,8
4632,24013,5,14,7
4633,18830,12,43,21
4634,23926,16,53,26
4635,16423,4,25,12
4636,23349,17,24,12
4637,29924,4,33,16
4638,28732,11,52,26
4639,11010,16,13,6
4640,24049,3,43,21
4641,11504,7,58,29
4642,10177,15,49,24
4643,14965,14,59,29
4644,24783,14,19,9
4645,24729,18,16,8
4646,21576,12,18,9
4647,28820,0,55,27
4648,20142,18,49,24
4649,13561,4,40,20
4650,25993,2,58,29
4651,10778,10,28,14
4652,16915,15,54,27
4653,25001,18,39,19
4654,16504,14,38,19
4655,28580,12,10,5
4656,27773,8,34,17
4657,24594,2,26,13
4658,27054,19,32,16
4659,29711,7,57,28
4660,12475,15,38,19
4661,11861,1,11,5
4662,24040,13,17,8
4663,18646,10,44,22
4664,13221,3,28,14
4665,23808,19,41,20
4666,25332,1,57,28
4667,12595,0,31,15
4668,22064,18,24,12
4669,25079,2,37,18
4670,12819,9,35,17
4671,24024,10,52,26
4672,21122,13,18,9
4673,28930,11,28,14
4674,24225,18,20,10
4675,28242,3,53,26
4676,14860,10,22,11
4677,14753,16,21,10
4678,19864,1,14,7
4679,16034,12,11,5
4680,29663,12,35,17
4681,26032,15,49,24
4682,29115,13,50,25
4683,18720,13,19,9
4684,20351,10,32,16
4685,12065,13,12,6
4686,27799,19,40,20
4687,11958,15,53,26
4688,23100,6,34,17
4689,25949,8,39,19
4690,20331,4,36,18
4691,24062,4,16,8
4692,10920,9,27,13
4693,11102,10,43,21
4694,20881,4,18,9
4695,26080,17,45,22
4696,18889,5,45,22
4697,17205,18,47,23
4698,27806,10,51,25
4699,27314,5,27,13
4700,12887,10,48,24
4701,20570,13,19,9
4702,28588,12,38,19
4703,11573,9,35,17
4704,12810,18,23,11
4705,28509,7,53,26
4706,18175,9,28,14
4707,17106,3,32,16
4708,26226,4,20,10
4709,24241,4,42,21
4710,13261,8,38,19
4711,10199,12,26,13
4712,25746,12,21,10
4713,22232,1,25,12
4714,17439,3,50,25
4715,26521,19,34,17
4716,11822,18,38,19
4717,22103,8,11,5
4718,12348,14,25,12
4719,23886,6,56,28
4720,28392,13,39,19
4721,12063,8,57,28
4722,26542,7,38,19
4723,14734,7,51,25
4724,16658,2,42,21
4725,13533,19,50,25
4726,15332,4,29,14
4727,18351,15,29,14
4728,25958,14,48,24
4729,29094,10,39,19
4730,14239,16,13,6
4731,10883,13,39,19
4732,13593,9,40,20
4733,28363,3,18,9
4734,14034,2,30,15
4735,17015,19,49,24
4736,27061,9,22,11
4737,10973,9,19,9
4738,13577,15,19,9
4739,25713,3,33,16
4740,28013,16,46,23
4741,21605,1,34,17
4742,11058,7,35,17
4743,20655,2,34,17
4744,11219,10,14,7
4745,20299,14,54,27
4746,12449,0,22,11
4747,19360,6,38,19
4748,17869,7,39,19
4749,12393,3,43,21
4750,28405,14,33,16
4751,14376,13,39,19
4752,26253,0,26,13
4753,10899,17,34,17
4754,25313,15,11,5
4755,16444,3,31,15
4756,16456,12,46,23
4757,21869,7,59,29
4758,28654,8,46,23
4759,23262,3,14,7
4760,22918,7,32,16
4761,20050,18,10,5
4762,25221,10,21,10
4763,13791,11,18,9
4764,24160,15,30,15
4765,19140,6,28,14
4766,23953,15,46,23
4767,10072,14,38,19
4768,11695,15,26,13
4769,28637,0,44,22
4770,13993,12,43,21
4771,12972,10,52,26
4772,22504,14,32,16
4773,24217,11,54,27
4774,28307,11,12,6
4775,13829,4,50,25
4776,10350,8,26,13
4777,10822,9,39,19
4778,15852,2,50,25
4779,29969,8,34,17
4780,27943,8,12,6
4781,17330,10,54,27
4782,11757,4,59,29
4783,24672,7,26,13
4784,15992,7,29,14
4785,23095,15,35,17
4786,14865,16,11,5
4787,21635,12,17,8
4788,19764,5,57,28
4789,17132,6,25,12
4790,15706,17,58,29
4791,24907,3,49,24
4792,23414,15,49,24
4793,29747,11,12,6
4794,22810,7,37,18
4795,12804,4,43,21
4796,28344,7,46,23
4797,29283,4,34,17
4798,19733,13,41,20
4799,21685,6,42,21
4800,20644,7,20,10
4801,12378,18,35,17
4802,10763,4,33,16
4803,17343,17,40,20
4804,29168,1,46,23
4805,29322,18,44,22
4806,14588,11,20,10
4807,27831,12,20,10
4808,17230,9,37,18
4809,29637,18,52,26
4810,16686,2,22,11
4811,20520,4,10,5
4812,27529,15,37,18
4813,18093,13,29,14
4814,11697,4,13,6
4815,16369,17,35,17
4816,10835,11,35,17
4817,22628,12,18,9
4818,12394,19,57,28
4819,28768,2,33,16
4820,20258,14,25,12
4821,27286,0,21,10
4822,13076,6,47,23
4823,14672,1,53,26
4824,27907,2,20,10
4825,20262,16,20,10
4826,10858,9,45,22
4827,25773,18,49,24
4828,19182,11,58,29
4829,28707,19,11,5
4830,14347,14,58,29
4831,13579,5,10,5
4832,28385,10,34,17
4833,23376,15,56,28
4834,26141,12,51,25
4835,25733,6,33,16
4836,20880,7,43,21
4837,10355,14,27,13
4838,29754,13,46,23
4839,26175,19,58,29
4840,26017,14,54,27
4841,23715,11,50,25
4842,16625,9,22,11
4843,14914,2,47,23
4844,17118,2,44,22
4845,14969,8,34,17
4846,20588,5,26,13
4847,29625,19,43,21
4848,15947,11,55,27
4849,29721,17,31,15
4850,13751,14,53,26
4851,23662,6,42,21
4852,13247,3,34,17
4853,22949,13,40,20
4854,12457,4,12,6
4855,21419,9,57,28
4856,23319,17,32,16
4857,28967,18,41,20
4858,19107,4,36,18
4859,22423,16,34,17
4860,17806,9,33,16
4861,13025,1,27,13
4862,12605,2,58,29
4863,18836,17,32,16
4864,25200,15,57,28
4865,18874,12,43,21
4866,13993,2,46,23
4867,10202,7,34,17
4868,10645,14,16,8
4869,29424,19,46,23
4870,12120,18,39,19
4871,12603,16,17,8
4872,13778,5,36,18
4873,17245,5,27,13
4874,17474,14,44,22
4875,28955,15,18,9
4876,18867,15,40,20
4877,27535,11,11,5
4878,25642,12,48,24
4879,17810,5,50,25
4880,14605,4,35,17
4881,19408,12,50,25
4882,16005,19,19,9
4883,27049,11,54,27
4884,28887,8,58,29
4885,18486,13,58,29
4886,28259,15,49,24
4887,18998,5,55,27
4888,26400,7,55,27
4889,18001,1,51,25
4890,20303,2,39,19
4891,12925,2,41,20
4892,16195,15,49,24
4893,21975,8,57,28
4894,19322,11,51,25
4895,13420,19,50,25
4896,27934,2,40,20
4897,10005,4,37,18
4898,27069,16,40,20
4899,14299,15,48,24
4900,10506,8,47,23
4901,20605,9,18,9
4902,17411,2,56,28
4903,21381,2,21,10
4904,16141,9,39,19
4905,29038,11,27,13
4906,12397,4,51,25
4907,23758,18,13,6
4908,14643,16,21,10
4909,15884,18,22,11
4910,14295,1,54,27
4911,15034,2,22,11
4912,11651,5,50,25
4913,24102,9,39,19
4914,26592,13,24,12
4915,22478,17,48,24
4916,19509,1,31,15
4917,23814,0,26,13
4918,26832,6,53,26
4919,22126,15,45,22
4920,19784,12,37,18
4921,20385,0,26,13
4922,20155,8,10,5
4923,21628,16,31,15
4924,16761,3,48,24
4925,24067,2,57,28
4926,11659,7,35,17
4927,15057,3,48,24
4928,11576,0,59,29
4929,17277,16,51,25
4930,12515,1,22,11
4931,12739,7,55,27
4932,19068,19,10,5
4933,18454,16,14,7
4934,10021,8,53,26
4935,15866,4,18,9
4936,22846,15,18,9
4937,28371,10,42,21
4938,19197,17,56,28
4939,18807,19,15,7
4940,13515,2,26,13
4941,16877,9,29,14
4942,29215,11,25,12
4943,29163,0,20,10
4944,26874,15,10,5
4945,28310,7,25,12
4946,17236,0,28,14
4947,13944,17,57,28
4948,24645,14,52,26
4949,28880,6,41,20
4950,28156,3,27,13
4951,19472,12,49,24
4952,15293,1,17,8
4953,12018,3,51,25
4954,16659,19,58,29
4955,23983,3,18,9
4956,26941,10,41,20
4957,29247,14,29,14
4958,21406,18,59,29
4959,22238,5,55,27
4960,21736,12,44,22
4961,10829,0,15,7
4962,12327,5,10,5
4963,20590,18,26,13
4964,26742,16,36,18
4965,13815,8,26,13
4966,23276,13,21,10
4967,28086,3,55,27
4968,16913,6,39,19
4969,23912,5,17,8
4970,26527,13,19,9
4971,15539,7,22,11
4972,10630,17,49,24
4973,10477,5,13,6
4974,18543,15,50,25
4975,29474,9,14,7
4976,25663,5,33,16
4977,28157,11,50,25
4978,18925,12,24,12
4979,29540,6,59,29
4980,26517,15,37,18
4981,26032,3,26,13
4982,12657,3,18,9
4983,29686,4,26,13
4984,20745,18,24,12
4985,11137,19,23,11
4986,24963,14,20,10
4987,24978,10,29,14
4988,17787,4,26,13
4989,15081,3,15,7
4990,23198,14,13,6
4991,29647,9,29,14
4992,26204,19,40,20
4993,28354,19,50,25
4994,15703,4,34,17
4995,26745,16,48,24
4996,29605,12,25,12
4997,25661,9,45,22
4998,12003,13,36,18
4999,10229,3,10,5
5000,19250,7,58,29
